453.0,493.0
453.0,493.0
452.0,494.0
452.0,494.0
452.0,494.0
452.0,493.0
453.0,494.0
453.0,494.0
453.0,494.0
452.0,493.0
452.0,494.0
452.0,493.0
451.0,495.0
452.0,493.0
454.0,492.0
452.0,494.0
451.0,495.0
452.0,493.0
454.0,493.0
452.0,493.0
451.0,495.0
452.0,493.0
453.0,492.0
452.0,493.0
450.0,494.0
453.0,493.0
455.0,493.0
452.0,493.0
451.0,494.0
453.0,493.0
454.0,492.0
451.0,494.0
450.0,494.0
453.0,493.0
453.0,493.0
451.0,494.0
451.0,493.0
453.0,491.0
452.0,494.0
451.0,494.0
452.0,492.0
454.0,492.0
452.0,493.0
451.0,493.0
452.0,493.0
453.0,492.0
452.0,493.0
450.0,494.0
451.0,493.0
454.0,492.0
452.0,493.0
449.0,494.0
452.0,492.0
454.0,492.0
451.0,493.0
449.0,493.0
453.0,493.0
453.0,492.0
450.0,493.0
451.0,493.0
452.0,492.0
452.0,493.0
450.0,494.0
451.0,493.0
453.0,491.0
451.0,493.0
450.0,493.0
452.0,492.0
453.0,492.0
452.0,493.0
450.0,493.0
452.0,492.0
453.0,491.0
451.0,493.0
450.0,493.0
451.0,492.0
454.0,492.0
451.0,493.0
449.0,494.0
452.0,492.0
454.0,492.0
450.0,493.0
450.0,493.0
453.0,491.0
453.0,492.0
450.0,493.0
451.0,492.0
453.0,491.0
452.0,493.0
451.0,493.0
451.0,492.0
453.0,492.0
452.0,492.0
450.0,493.0
451.0,492.0
453.0,491.0
451.0,493.0
450.0,493.0
451.0,492.0
453.0,492.0
450.0,493.0
448.0,493.0
452.0,492.0
453.0,492.0
450.0,493.0
449.0,493.0
452.0,492.0
452.0,492.0
450.0,494.0
450.0,492.0
452.0,492.0
451.0,494.0
450.0,494.0
451.0,491.0
452.0,490.0
451.0,492.0
449.0,492.0
451.0,491.0
452.0,491.0
451.0,493.0
449.0,494.0
452.0,493.0
452.0,491.0
452.0,493.0
449.0,494.0
451.0,492.0
453.0,492.0
451.0,493.0
449.0,493.0
452.0,492.0
453.0,492.0
449.0,493.0
450.0,493.0
452.0,492.0
452.0,493.0
449.0,494.0
450.0,492.0
452.0,491.0
451.0,493.0
449.0,493.0
451.0,492.0
451.0,492.0
451.0,493.0
449.0,494.0
451.0,493.0
451.0,492.0
450.0,493.0
448.0,494.0
451.0,493.0
453.0,492.0
450.0,493.0
448.0,494.0
451.0,492.0
452.0,492.0
449.0,493.0
449.0,493.0
452.0,492.0
452.0,493.0
449.0,494.0
450.0,493.0
452.0,492.0
451.0,493.0
449.0,494.0
450.0,493.0
452.0,492.0
451.0,493.0
449.0,494.0
451.0,492.0
452.0,492.0
451.0,494.0
450.0,495.0
451.0,493.0
453.0,493.0
451.0,493.0
449.0,494.0
451.0,492.0
454.0,492.0
451.0,494.0
449.0,494.0
452.0,492.0
452.0,492.0
450.0,494.0
450.0,493.0
452.0,492.0
452.0,494.0
450.0,495.0
451.0,493.0
452.0,492.0
451.0,494.0
449.0,494.0
451.0,494.0
452.0,492.0
451.0,493.0
450.0,494.0
451.0,493.0
452.0,492.0
451.0,493.0
450.0,494.0
451.0,493.0
453.0,492.0
451.0,493.0
449.0,493.0
452.0,492.0
453.0,492.0
450.0,493.0
450.0,493.0
453.0,492.0
452.0,493.0
450.0,494.0
451.0,492.0
452.0,491.0
452.0,493.0
450.0,493.0
451.0,492.0
453.0,492.0
451.0,493.0
450.0,493.0
451.0,492.0
453.0,492.0
451.0,493.0
450.0,494.0
452.0,492.0
453.0,491.0
451.0,493.0
449.0,493.0
453.0,492.0
454.0,492.0
451.0,493.0
450.0,493.0
453.0,492.0
453.0,493.0
450.0,494.0
450.0,492.0
453.0,492.0
452.0,493.0
450.0,493.0
451.0,490.0
453.0,490.0
452.0,492.0
450.0,493.0
452.0,492.0
453.0,491.0
451.0,493.0
451.0,494.0
452.0,492.0
453.0,492.0
452.0,493.0
450.0,494.0
452.0,492.0
454.0,492.0
452.0,493.0
450.0,494.0
453.0,492.0
454.0,493.0
451.0,494.0
450.0,493.0
453.0,492.0
453.0,494.0
450.0,494.0
451.0,493.0
453.0,492.0
452.0,494.0
450.0,494.0
451.0,493.0
453.0,492.0
451.0,494.0
450.0,494.0
453.0,493.0
453.0,493.0
451.0,493.0
451.0,494.0
452.0,492.0
454.0,492.0
451.0,494.0
449.0,494.0
452.0,492.0
454.0,492.0
451.0,494.0
450.0,493.0
453.0,492.0
453.0,493.0
450.0,494.0
451.0,492.0
453.0,492.0
452.0,493.0
450.0,493.0
451.0,492.0
453.0,492.0
451.0,493.0
450.0,494.0
451.0,493.0
453.0,492.0
452.0,493.0
450.0,493.0
452.0,493.0
453.0,492.0
451.0,493.0
449.0,494.0
452.0,492.0
454.0,492.0
452.0,494.0
450.0,493.0
453.0,492.0
453.0,493.0
451.0,494.0
450.0,492.0
453.0,492.0
452.0,493.0
450.0,494.0
451.0,492.0
453.0,492.0
452.0,493.0
450.0,494.0
451.0,492.0
453.0,492.0
452.0,493.0
450.0,493.0
451.0,492.0
453.0,492.0
451.0,493.0
451.0,493.0
452.0,493.0
454.0,492.0
452.0,493.0
450.0,493.0
452.0,492.0
454.0,492.0
451.0,493.0
450.0,492.0
453.0,491.0
454.0,493.0
451.0,493.0
451.0,492.0
453.0,492.0
452.0,492.0
450.0,494.0
452.0,493.0
454.0,491.0
451.0,493.0
451.0,493.0
452.0,491.0
453.0,491.0
452.0,492.0
451.0,493.0
452.0,492.0
453.0,491.0
451.0,493.0
449.0,493.0
452.0,491.0
454.0,491.0
451.0,493.0
449.0,492.0
453.0,491.0
454.0,492.0
451.0,493.0
451.0,492.0
453.0,491.0
453.0,493.0
450.0,493.0
451.0,491.0
453.0,490.0
451.0,490.0
450.0,491.0
451.0,491.0
453.0,490.0
452.0,492.0
450.0,493.0
451.0,492.0
453.0,491.0
452.0,493.0
450.0,493.0
452.0,492.0
454.0,491.0
452.0,493.0
450.0,493.0
452.0,491.0
454.0,492.0
451.0,493.0
451.0,492.0
453.0,491.0
453.0,492.0
451.0,493.0
451.0,492.0
453.0,491.0
453.0,492.0
451.0,493.0
452.0,492.0
453.0,492.0
451.0,493.0
451.0,493.0
452.0,492.0
453.0,491.0
452.0,493.0
450.0,493.0
452.0,492.0
453.0,492.0
451.0,493.0
450.0,493.0
452.0,492.0
454.0,492.0
451.0,493.0
450.0,492.0
453.0,491.0
453.0,492.0
451.0,494.0
450.0,492.0
453.0,491.0
452.0,493.0
450.0,493.0
451.0,493.0
453.0,492.0
452.0,493.0
450.0,494.0
451.0,492.0
453.0,492.0
452.0,493.0
450.0,494.0
452.0,492.0
453.0,492.0
451.0,493.0
450.0,493.0
452.0,492.0
454.0,492.0
452.0,494.0
449.0,493.0
453.0,492.0
453.0,493.0
451.0,494.0
450.0,493.0
452.0,493.0
453.0,494.0
451.0,494.0
451.0,493.0
453.0,492.0
452.0,493.0
451.0,493.0
453.0,492.0
453.0,492.0
451.0,493.0
451.0,493.0
452.0,492.0
453.0,492.0
452.0,493.0
451.0,493.0
452.0,492.0
454.0,492.0
452.0,493.0
450.0,493.0
452.0,492.0
454.0,493.0
450.0,494.0
449.0,491.0
453.0,491.0
452.0,493.0
450.0,493.0
451.0,491.0
453.0,492.0
452.0,493.0
449.0,493.0
451.0,492.0
453.0,492.0
451.0,493.0
450.0,493.0
451.0,492.0
453.0,492.0
451.0,493.0
450.0,493.0
451.0,491.0
453.0,492.0
451.0,493.0
449.0,492.0
452.0,491.0
455.0,492.0
451.0,493.0
450.0,492.0
452.0,491.0
454.0,492.0
450.0,494.0
451.0,492.0
452.0,491.0
452.0,493.0
449.0,493.0
451.0,492.0
453.0,491.0
452.0,493.0
450.0,494.0
451.0,492.0
453.0,492.0
452.0,492.0
450.0,492.0
451.0,490.0
453.0,490.0
452.0,491.0
450.0,492.0
452.0,491.0
454.0,491.0
451.0,493.0
450.0,492.0
451.0,491.0
454.0,493.0
451.0,494.0
450.0,493.0
453.0,492.0
452.0,494.0
450.0,493.0
451.0,493.0
453.0,491.0
452.0,493.0
450.0,493.0
452.0,492.0
453.0,492.0
451.0,493.0
450.0,493.0
452.0,492.0
453.0,492.0
452.0,493.0
450.0,493.0
452.0,492.0
454.0,492.0
451.0,493.0
449.0,493.0
452.0,492.0
453.0,492.0
450.0,494.0
449.0,492.0
452.0,492.0
453.0,493.0
450.0,494.0
450.0,492.0
452.0,492.0
452.0,493.0
450.0,494.0
451.0,493.0
452.0,492.0
451.0,493.0
450.0,494.0
451.0,492.0
452.0,492.0
451.0,493.0
450.0,493.0
452.0,492.0
452.0,492.0
452.0,493.0
449.0,493.0
452.0,491.0
455.0,492.0
451.0,493.0
449.0,492.0
452.0,491.0
454.0,493.0
450.0,493.0
450.0,492.0
453.0,492.0
452.0,493.0
450.0,493.0
451.0,492.0
453.0,492.0
452.0,493.0
450.0,493.0
452.0,492.0
453.0,492.0
451.0,493.0
450.0,493.0
451.0,492.0
452.0,491.0
451.0,493.0
450.0,492.0
451.0,492.0
453.0,492.0
451.0,493.0
449.0,492.0
452.0,491.0
453.0,493.0
452.0,493.0
449.0,492.0
453.0,492.0
453.0,493.0
450.0,493.0
451.0,492.0
453.0,491.0
452.0,492.0
450.0,493.0
451.0,492.0
453.0,492.0
451.0,493.0
450.0,493.0
451.0,493.0
453.0,492.0
452.0,493.0
450.0,493.0
451.0,492.0
453.0,492.0
451.0,493.0
449.0,493.0
452.0,491.0
454.0,493.0
451.0,493.0
449.0,492.0
452.0,492.0
454.0,493.0
450.0,493.0
450.0,491.0
453.0,492.0
453.0,493.0
451.0,493.0
451.0,492.0
453.0,492.0
451.0,493.0
450.0,494.0
451.0,492.0
453.0,492.0
452.0,493.0
450.0,494.0
452.0,493.0
453.0,491.0
451.0,491.0
450.0,492.0
451.0,490.0
453.0,492.0
451.0,493.0
449.0,493.0
452.0,492.0
453.0,493.0
450.0,494.0
450.0,493.0
453.0,492.0
453.0,493.0
450.0,494.0
451.0,493.0
452.0,493.0
452.0,493.0
450.0,494.0
451.0,492.0
452.0,492.0
452.0,493.0
450.0,493.0
451.0,493.0
452.0,492.0
452.0,493.0
450.0,493.0
452.0,492.0
453.0,492.0
451.0,494.0
449.0,492.0
452.0,491.0
454.0,493.0
451.0,494.0
448.0,492.0
452.0,492.0
453.0,493.0
450.0,493.0
451.0,492.0
453.0,491.0
452.0,493.0
450.0,493.0
451.0,492.0
453.0,492.0
451.0,493.0
450.0,493.0
451.0,492.0
453.0,492.0
451.0,493.0
449.0,493.0
451.0,492.0
452.0,492.0
451.0,493.0
449.0,493.0
451.0,491.0
453.0,493.0
451.0,494.0
449.0,492.0
452.0,491.0
454.0,493.0
449.0,493.0
450.0,492.0
452.0,492.0
452.0,493.0
450.0,493.0
451.0,492.0
453.0,492.0
451.0,493.0
450.0,494.0
451.0,492.0
452.0,492.0
451.0,493.0
450.0,494.0
451.0,492.0
452.0,492.0
451.0,493.0
450.0,493.0
451.0,492.0
453.0,493.0
451.0,494.0
449.0,492.0
451.0,492.0
454.0,493.0
451.0,494.0
449.0,492.0
453.0,492.0
453.0,493.0
450.0,494.0
450.0,492.0
452.0,492.0
452.0,493.0
450.0,493.0
451.0,493.0
452.0,492.0
451.0,493.0
450.0,493.0
451.0,492.0
452.0,492.0
451.0,493.0
450.0,493.0
451.0,492.0
452.0,492.0
451.0,495.0
449.0,492.0
451.0,492.0
453.0,493.0
451.0,495.0
450.0,492.0
452.0,492.0
453.0,493.0
450.0,493.0
451.0,493.0
452.0,491.0
453.0,493.0
450.0,494.0
451.0,492.0
453.0,492.0
451.0,493.0
450.0,494.0
451.0,492.0
452.0,492.0
451.0,493.0
450.0,493.0
451.0,492.0
452.0,492.0
451.0,494.0
450.0,493.0
451.0,492.0
454.0,493.0
451.0,493.0
449.0,490.0
451.0,490.0
453.0,492.0
450.0,492.0
449.0,491.0
452.0,491.0
451.0,492.0
449.0,493.0
450.0,492.0
452.0,491.0
451.0,493.0
449.0,494.0
451.0,492.0
452.0,492.0
451.0,493.0
449.0,494.0
451.0,493.0
452.0,492.0
451.0,493.0
449.0,493.0
451.0,492.0
452.0,493.0
450.0,494.0
448.0,492.0
451.0,492.0
453.0,493.0
450.0,493.0
448.0,492.0
452.0,492.0
452.0,492.0
449.0,494.0
450.0,492.0
451.0,492.0
451.0,493.0
449.0,494.0
450.0,492.0
452.0,492.0
451.0,493.0
449.0,493.0
451.0,492.0
452.0,492.0
450.0,493.0
449.0,493.0
451.0,491.0
451.0,492.0
450.0,493.0
449.0,492.0
451.0,489.0
453.0,493.0
450.0,493.0
448.0,491.0
451.0,492.0
452.0,493.0
449.0,493.0
448.0,492.0
452.0,492.0
451.0,493.0
449.0,494.0
450.0,492.0
451.0,492.0
451.0,493.0
449.0,493.0
450.0,492.0
451.0,492.0
451.0,493.0
449.0,493.0
451.0,492.0
451.0,492.0
451.0,493.0
449.0,493.0
451.0,492.0
452.0,493.0
451.0,494.0
448.0,492.0
451.0,492.0
451.0,493.0
450.0,493.0
448.0,492.0
452.0,492.0
452.0,493.0
449.0,493.0
449.0,493.0
453.0,491.0
451.0,493.0
449.0,493.0
451.0,492.0
452.0,491.0
451.0,493.0
449.0,493.0
450.0,492.0
452.0,492.0
451.0,493.0
449.0,493.0
451.0,491.0
452.0,493.0
451.0,493.0
449.0,492.0
451.0,491.0
454.0,493.0
451.0,493.0
449.0,492.0
451.0,491.0
452.0,493.0
449.0,494.0
449.0,492.0
452.0,491.0
452.0,493.0
449.0,494.0
450.0,493.0
452.0,492.0
451.0,493.0
449.0,494.0
451.0,493.0
452.0,492.0
451.0,493.0
449.0,493.0
450.0,492.0
451.0,493.0
450.0,494.0
449.0,493.0
451.0,492.0
452.0,493.0
450.0,493.0
448.0,490.0
451.0,490.0
452.0,492.0
449.0,493.0
448.0,492.0
451.0,492.0
451.0,493.0
449.0,493.0
449.0,493.0
451.0,492.0
451.0,493.0
449.0,494.0
450.0,493.0
452.0,492.0
451.0,494.0
449.0,494.0
451.0,493.0
452.0,493.0
451.0,494.0
449.0,493.0
451.0,492.0
452.0,494.0
450.0,494.0
448.0,493.0
450.0,492.0
454.0,494.0
450.0,494.0
449.0,492.0
452.0,492.0
453.0,493.0
449.0,494.0
450.0,493.0
452.0,492.0
451.0,493.0
449.0,493.0
450.0,493.0
452.0,492.0
451.0,493.0
449.0,494.0
451.0,492.0
452.0,492.0
451.0,494.0
450.0,493.0
451.0,492.0
452.0,493.0
451.0,494.0
450.0,492.0
451.0,492.0
453.0,493.0
451.0,494.0
448.0,492.0
452.0,492.0
454.0,493.0
450.0,494.0
450.0,492.0
452.0,492.0
452.0,493.0
450.0,494.0
450.0,492.0
452.0,492.0
451.0,494.0
450.0,493.0
451.0,492.0
453.0,492.0
451.0,494.0
450.0,493.0
451.0,492.0
452.0,493.0
451.0,494.0
450.0,492.0
451.0,491.0
453.0,493.0
451.0,494.0
449.0,491.0
451.0,492.0
454.0,493.0
451.0,494.0
449.0,493.0
452.0,492.0
453.0,493.0
450.0,494.0
451.0,492.0
453.0,492.0
452.0,493.0
450.0,493.0
451.0,493.0
453.0,492.0
451.0,494.0
450.0,493.0
451.0,492.0
453.0,492.0
451.0,494.0
450.0,493.0
451.0,492.0
452.0,493.0
451.0,494.0
449.0,492.0
452.0,493.0
453.0,494.0
451.0,494.0
449.0,493.0
452.0,492.0
453.0,494.0
450.0,494.0
450.0,493.0
452.0,492.0
452.0,493.0
450.0,494.0
450.0,493.0
452.0,492.0
451.0,493.0
449.0,494.0
451.0,492.0
452.0,492.0
451.0,491.0
450.0,493.0
451.0,492.0
452.0,493.0
451.0,494.0
450.0,493.0
451.0,492.0
453.0,494.0
451.0,493.0
448.0,493.0
451.0,492.0
454.0,493.0
450.0,494.0
449.0,493.0
452.0,493.0
452.0,494.0
450.0,494.0
450.0,492.0
452.0,491.0
451.0,492.0
449.0,492.0
451.0,491.0
452.0,491.0
451.0,493.0
449.0,493.0
451.0,492.0
451.0,493.0
450.0,494.0
449.0,492.0
451.0,492.0
452.0,493.0
451.0,494.0
448.0,492.0
451.0,492.0
453.0,493.0
451.0,494.0
449.0,493.0
452.0,492.0
453.0,493.0
450.0,494.0
450.0,493.0
452.0,492.0
452.0,493.0
449.0,494.0
450.0,492.0
452.0,492.0
451.0,494.0
449.0,494.0
451.0,492.0
452.0,492.0
451.0,493.0
450.0,493.0
451.0,492.0
453.0,493.0
451.0,494.0
450.0,492.0
451.0,492.0
453.0,493.0
451.0,493.0
448.0,492.0
452.0,492.0
453.0,493.0
450.0,493.0
450.0,492.0
452.0,492.0
452.0,493.0
450.0,495.0
450.0,494.0
452.0,498.0
452.0,498.0
449.0,493.0
451.0,490.0
452.0,496.0
451.0,496.0
450.0,493.0
451.0,490.0
452.0,491.0
451.0,493.0
451.0,498.0
451.0,499.0
453.0,493.0
451.0,490.0
449.0,488.0
451.0,489.0
453.0,499.0
451.0,504.0
449.0,494.0
453.0,487.0
452.0,493.0
450.0,505.0
450.0,498.0
453.0,490.0
452.0,487.0
450.0,490.0
451.0,490.0
453.0,493.0
451.0,498.0
450.0,501.0
451.0,497.0
453.0,496.0
451.0,490.0
450.0,487.0
451.0,488.0
453.0,491.0
451.0,492.0
449.0,493.0
452.0,493.0
454.0,492.0
451.0,491.0
449.0,494.0
452.0,503.0
454.0,504.0
450.0,499.0
451.0,492.0
453.0,493.0
452.0,498.0
450.0,497.0
451.0,487.0
453.0,489.0
452.0,495.0
450.0,491.0
451.0,494.0
453.0,508.0
451.0,503.0
450.0,484.0
452.0,483.0
453.0,492.0
451.0,501.0
450.0,498.0
452.0,487.0
454.0,497.0
451.0,513.0
449.0,498.0
452.0,482.0
454.0,495.0
451.0,505.0
450.0,492.0
453.0,485.0
453.0,489.0
451.0,493.0
451.0,501.0
453.0,497.0
452.0,490.0
451.0,494.0
452.0,499.0
453.0,502.0
451.0,498.0
450.0,491.0
453.0,490.0
451.0,498.0
449.0,501.0
451.0,492.0
455.0,489.0
458.0,493.0
454.0,494.0
464.0,491.0
452.0,492.0
445.0,497.0
445.0,498.0
447.0,499.0
457.0,496.0
454.0,493.0
447.0,492.0
449.0,493.0
453.0,496.0
472.0,496.0
462.0,491.0
444.0,488.0
441.0,490.0
446.0,491.0
450.0,489.0
459.0,486.0
455.0,490.0
450.0,490.0
449.0,488.0
452.0,494.0
459.0,490.0
454.0,492.0
449.0,493.0
450.0,493.0
457.0,497.0
450.0,499.0
443.0,496.0
451.0,494.0
457.0,496.0
451.0,497.0
447.0,495.0
452.0,496.0
456.0,499.0
450.0,497.0
450.0,494.0
461.0,495.0
470.0,499.0
456.0,498.0
445.0,494.0
453.0,497.0
463.0,500.0
449.0,492.0
439.0,495.0
447.0,500.0
451.0,495.0
472.0,494.0
456.0,495.0
441.0,496.0
448.0,496.0
460.0,496.0
466.0,495.0
452.0,496.0
449.0,495.0
453.0,497.0
463.0,493.0
461.0,495.0
448.0,496.0
451.0,496.0
460.0,493.0
463.0,496.0
448.0,496.0
451.0,494.0
451.0,498.0
449.0,497.0
449.0,494.0
454.0,496.0
455.0,494.0
445.0,494.0
449.0,493.0
448.0,495.0
448.0,495.0
451.0,495.0
455.0,495.0
452.0,493.0
451.0,496.0
446.0,496.0
442.0,494.0
448.0,493.0
448.0,495.0
444.0,496.0
445.0,495.0
448.0,495.0
450.0,494.0
448.0,495.0
444.0,496.0
447.0,497.0
449.0,491.0
443.0,492.0
445.0,492.0
449.0,494.0
446.0,493.0
441.0,493.0
446.0,493.0
447.0,494.0
446.0,495.0
443.0,494.0
446.0,493.0
449.0,495.0
445.0,496.0
443.0,494.0
445.0,494.0
451.0,494.0
447.0,493.0
441.0,492.0
447.0,494.0
448.0,495.0
446.0,493.0
445.0,493.0
447.0,493.0
448.0,494.0
445.0,495.0
446.0,493.0
448.0,492.0
446.0,493.0
448.0,492.0
448.0,496.0
451.0,494.0
452.0,495.0
442.0,492.0
446.0,492.0
449.0,493.0
448.0,493.0
446.0,493.0
449.0,491.0
450.0,492.0
448.0,493.0
445.0,493.0
450.0,493.0
450.0,493.0
446.0,493.0
446.0,492.0
452.0,493.0
448.0,494.0
446.0,493.0
449.0,492.0
449.0,493.0
451.0,496.0
448.0,492.0
448.0,493.0
448.0,495.0
448.0,494.0
448.0,493.0
449.0,493.0
450.0,494.0
450.0,494.0
445.0,491.0
449.0,492.0
450.0,493.0
449.0,494.0
449.0,492.0
451.0,494.0
450.0,493.0
448.0,493.0
450.0,492.0
450.0,493.0
451.0,493.0
447.0,496.0
448.0,493.0
450.0,492.0
453.0,493.0
447.0,493.0
448.0,492.0
450.0,496.0
450.0,493.0
448.0,494.0
450.0,492.0
451.0,494.0
450.0,493.0
447.0,492.0
450.0,492.0
451.0,492.0
450.0,494.0
448.0,492.0
451.0,493.0
451.0,493.0
448.0,492.0
448.0,493.0
450.0,492.0
451.0,493.0
448.0,493.0
449.0,492.0
454.0,493.0
449.0,493.0
447.0,492.0
449.0,493.0
451.0,492.0
450.0,494.0
450.0,493.0
451.0,491.0
451.0,492.0
451.0,493.0
449.0,492.0
451.0,492.0
453.0,495.0
450.0,493.0
448.0,492.0
450.0,493.0
452.0,491.0
450.0,492.0
450.0,493.0
453.0,490.0
453.0,492.0
446.0,493.0
450.0,493.0
452.0,492.0
452.0,493.0
449.0,493.0
450.0,492.0
452.0,492.0
450.0,493.0
450.0,491.0
451.0,493.0
454.0,493.0
451.0,492.0
449.0,492.0
451.0,492.0
453.0,494.0
449.0,492.0
448.0,491.0
452.0,493.0
454.0,494.0
450.0,493.0
448.0,493.0
452.0,491.0
452.0,491.0
449.0,493.0
450.0,492.0
451.0,491.0
451.0,493.0
450.0,493.0
451.0,492.0
452.0,491.0
451.0,493.0
448.0,494.0
451.0,491.0
453.0,493.0
451.0,496.0
449.0,491.0
451.0,491.0
454.0,495.0
449.0,493.0
448.0,491.0
451.0,491.0
453.0,492.0
450.0,492.0
451.0,491.0
451.0,492.0
451.0,493.0
451.0,492.0
449.0,492.0
451.0,492.0
451.0,493.0
450.0,495.0
451.0,492.0
451.0,492.0
451.0,494.0
450.0,493.0
450.0,493.0
452.0,493.0
451.0,494.0
451.0,492.0
450.0,491.0
451.0,493.0
451.0,494.0
450.0,491.0
451.0,493.0
452.0,493.0
451.0,493.0
449.0,492.0
451.0,491.0
454.0,492.0
452.0,495.0
449.0,493.0
451.0,491.0
452.0,492.0
451.0,493.0
449.0,492.0
452.0,492.0
453.0,493.0
451.0,493.0
449.0,493.0
452.0,492.0
452.0,493.0
450.0,495.0
451.0,493.0
453.0,493.0
451.0,493.0
450.0,491.0
452.0,493.0
453.0,495.0
450.0,492.0
450.0,492.0
453.0,492.0
455.0,493.0
454.0,493.0
448.0,492.0
451.0,492.0
453.0,493.0
450.0,494.0
450.0,493.0
453.0,491.0
453.0,493.0
451.0,495.0
451.0,493.0
451.0,493.0
452.0,492.0
450.0,493.0
451.0,494.0
452.0,492.0
451.0,493.0
450.0,494.0
451.0,493.0
452.0,493.0
452.0,493.0
448.0,491.0
451.0,493.0
452.0,493.0
451.0,494.0
451.0,494.0
451.0,494.0
453.0,493.0
451.0,495.0
448.0,494.0
452.0,493.0
452.0,493.0
450.0,494.0
450.0,493.0
453.0,493.0
453.0,494.0
449.0,495.0
450.0,492.0
451.0,493.0
451.0,493.0
450.0,493.0
451.0,492.0
453.0,493.0
451.0,494.0
449.0,493.0
451.0,493.0
454.0,494.0
452.0,494.0
450.0,494.0
451.0,494.0
454.0,493.0
452.0,495.0
451.0,492.0
450.0,492.0
452.0,494.0
451.0,493.0
450.0,494.0
451.0,493.0
452.0,493.0
450.0,493.0
449.0,493.0
453.0,495.0
452.0,495.0
450.0,492.0
451.0,493.0
453.0,495.0
451.0,494.0
450.0,492.0
451.0,491.0
452.0,493.0
452.0,493.0
450.0,491.0
451.0,491.0
455.0,493.0
452.0,493.0
448.0,492.0
451.0,494.0
452.0,492.0
451.0,493.0
449.0,493.0
452.0,494.0
453.0,493.0
450.0,494.0
451.0,492.0
452.0,493.0
451.0,493.0
451.0,493.0
451.0,494.0
453.0,495.0
452.0,494.0
450.0,492.0
452.0,492.0
452.0,494.0
451.0,493.0
451.0,492.0
452.0,494.0
454.0,494.0
450.0,493.0
452.0,492.0
452.0,492.0
452.0,495.0
452.0,493.0
451.0,493.0
451.0,492.0
452.0,493.0
448.0,493.0
450.0,493.0
452.0,493.0
452.0,493.0
450.0,493.0
451.0,495.0
453.0,493.0
451.0,494.0
451.0,494.0
452.0,492.0
452.0,495.0
451.0,495.0
450.0,491.0
453.0,493.0
452.0,493.0
451.0,493.0
451.0,493.0
451.0,493.0
452.0,493.0
451.0,493.0
450.0,493.0
452.0,493.0
453.0,492.0
450.0,493.0
449.0,493.0
453.0,492.0
451.0,493.0
450.0,494.0
451.0,492.0
454.0,492.0
451.0,495.0
451.0,492.0
452.0,494.0
453.0,495.0
452.0,493.0
451.0,493.0
452.0,495.0
453.0,493.0
451.0,492.0
451.0,492.0
452.0,492.0
453.0,493.0
451.0,494.0
449.0,494.0
453.0,493.0
454.0,493.0
450.0,494.0
450.0,493.0
453.0,494.0
453.0,493.0
450.0,493.0
451.0,493.0
454.0,493.0
451.0,493.0
450.0,492.0
451.0,492.0
452.0,495.0
451.0,495.0
450.0,492.0
452.0,492.0
452.0,493.0
451.0,494.0
450.0,492.0
452.0,491.0
454.0,494.0
450.0,493.0
450.0,493.0
452.0,492.0
453.0,493.0
451.0,493.0
449.0,493.0
451.0,492.0
452.0,493.0
450.0,494.0
450.0,492.0
454.0,493.0
452.0,493.0
450.0,493.0
451.0,492.0
453.0,492.0
451.0,493.0
451.0,492.0
451.0,493.0
452.0,494.0
451.0,494.0
451.0,490.0
452.0,491.0
454.0,492.0
448.0,492.0
449.0,492.0
454.0,491.0
454.0,493.0
450.0,495.0
450.0,493.0
453.0,491.0
452.0,493.0
450.0,494.0
450.0,492.0
452.0,493.0
454.0,493.0
451.0,494.0
450.0,491.0
453.0,493.0
451.0,494.0
450.0,492.0
451.0,492.0
452.0,494.0
451.0,496.0
451.0,492.0
453.0,491.0
452.0,493.0
451.0,493.0
450.0,493.0
452.0,493.0
453.0,493.0
453.0,494.0
449.0,493.0
452.0,493.0
454.0,492.0
451.0,493.0
450.0,493.0
452.0,492.0
453.0,493.0
450.0,493.0
450.0,493.0
453.0,492.0
452.0,492.0
450.0,493.0
452.0,492.0
454.0,494.0
451.0,493.0
450.0,493.0
452.0,492.0
453.0,492.0
450.0,494.0
451.0,493.0
451.0,492.0
452.0,493.0
453.0,493.0
448.0,492.0
451.0,493.0
453.0,495.0
451.0,493.0
450.0,492.0
453.0,492.0
453.0,493.0
450.0,494.0
450.0,493.0
452.0,493.0
454.0,493.0
450.0,493.0
450.0,493.0
452.0,494.0
451.0,493.0
450.0,493.0
451.0,493.0
452.0,493.0
451.0,493.0
450.0,490.0
451.0,493.0
452.0,493.0
452.0,493.0
449.0,492.0
452.0,493.0
453.0,493.0
451.0,492.0
450.0,493.0
452.0,492.0
451.0,494.0
450.0,495.0
451.0,492.0
451.0,492.0
451.0,493.0
449.0,493.0
450.0,493.0
453.0,494.0
452.0,492.0
450.0,491.0
452.0,492.0
452.0,496.0
450.0,494.0
450.0,491.0
451.0,492.0
451.0,494.0
451.0,493.0
451.0,492.0
452.0,493.0
451.0,494.0
450.0,493.0
449.0,492.0
451.0,492.0
454.0,493.0
449.0,493.0
448.0,492.0
453.0,492.0
453.0,493.0
450.0,493.0
450.0,492.0
451.0,493.0
452.0,493.0
451.0,491.0
452.0,493.0
454.0,496.0
452.0,493.0
449.0,492.0
451.0,493.0
453.0,493.0
452.0,493.0
451.0,491.0
452.0,491.0
453.0,491.0
452.0,492.0
451.0,490.0
451.0,490.0
455.0,493.0
452.0,492.0
450.0,491.0
454.0,492.0
451.0,493.0
451.0,494.0
451.0,493.0
453.0,492.0
452.0,492.0
451.0,494.0
450.0,493.0
454.0,495.0
451.0,492.0
450.0,492.0
452.0,492.0
454.0,494.0
451.0,493.0
450.0,492.0
451.0,492.0
453.0,492.0
451.0,494.0
451.0,492.0
452.0,493.0
454.0,494.0
451.0,494.0
450.0,493.0
452.0,493.0
453.0,492.0
451.0,495.0
449.0,493.0
452.0,493.0
453.0,495.0
451.0,493.0
450.0,492.0
453.0,493.0
453.0,495.0
451.0,491.0
452.0,493.0
453.0,495.0
452.0,494.0
451.0,491.0
451.0,493.0
453.0,493.0
453.0,493.0
451.0,492.0
452.0,493.0
455.0,493.0
452.0,494.0
450.0,493.0
452.0,490.0
454.0,493.0
451.0,493.0
450.0,493.0
452.0,493.0
452.0,493.0
452.0,493.0
449.0,494.0
453.0,492.0
452.0,493.0
450.0,492.0
451.0,493.0
452.0,493.0
451.0,493.0
451.0,493.0
452.0,492.0
452.0,493.0
451.0,493.0
450.0,493.0
452.0,492.0
452.0,493.0
452.0,494.0
449.0,494.0
452.0,493.0
454.0,493.0
450.0,494.0
449.0,492.0
451.0,492.0
452.0,495.0
451.0,495.0
450.0,492.0
454.0,493.0
452.0,492.0
451.0,493.0
451.0,494.0
453.0,494.0
452.0,493.0
451.0,492.0
451.0,491.0
453.0,493.0
451.0,494.0
451.0,492.0
451.0,493.0
453.0,493.0
452.0,493.0
450.0,494.0
452.0,492.0
455.0,493.0
452.0,496.0
446.0,492.0
452.0,492.0
454.0,493.0
450.0,494.0
451.0,493.0
452.0,493.0
453.0,494.0
451.0,493.0
451.0,492.0
453.0,493.0
453.0,493.0
449.0,493.0
451.0,492.0
453.0,493.0
451.0,494.0
452.0,492.0
451.0,493.0
452.0,494.0
452.0,494.0
449.0,492.0
451.0,493.0
453.0,494.0
451.0,493.0
451.0,494.0
452.0,495.0
452.0,492.0
451.0,493.0
451.0,492.0
452.0,491.0
453.0,492.0
452.0,492.0
451.0,492.0
452.0,492.0
453.0,492.0
451.0,495.0
451.0,492.0
453.0,494.0
452.0,493.0
451.0,493.0
452.0,492.0
454.0,494.0
452.0,493.0
450.0,493.0
452.0,493.0
454.0,494.0
452.0,494.0
449.0,493.0
453.0,491.0
456.0,493.0
450.0,493.0
448.0,492.0
453.0,492.0
451.0,493.0
450.0,495.0
450.0,493.0
452.0,492.0
452.0,493.0
449.0,494.0
450.0,493.0
452.0,494.0
451.0,493.0
450.0,492.0
450.0,493.0
451.0,495.0
451.0,495.0
450.0,491.0
450.0,493.0
453.0,495.0
450.0,493.0
449.0,492.0
451.0,494.0
452.0,492.0
451.0,493.0
448.0,494.0
451.0,493.0
452.0,493.0
450.0,494.0
451.0,492.0
451.0,492.0
451.0,493.0
449.0,494.0
450.0,493.0
452.0,493.0
452.0,494.0
450.0,492.0
451.0,494.0
451.0,493.0
451.0,493.0
450.0,493.0
451.0,491.0
453.0,493.0
451.0,495.0
450.0,493.0
451.0,492.0
453.0,493.0
451.0,492.0
450.0,492.0
455.0,493.0
452.0,492.0
451.0,493.0
449.0,493.0
452.0,492.0
451.0,493.0
450.0,493.0
449.0,493.0
453.0,493.0
451.0,495.0
450.0,493.0
450.0,492.0
452.0,493.0
452.0,494.0
450.0,493.0
451.0,492.0
451.0,491.0
451.0,493.0
450.0,493.0
451.0,492.0
452.0,493.0
450.0,493.0
449.0,493.0
452.0,493.0
452.0,493.0
451.0,494.0
450.0,492.0
451.0,493.0
452.0,491.0
450.0,493.0
450.0,492.0
452.0,493.0
452.0,493.0
450.0,492.0
450.0,494.0
451.0,493.0
452.0,495.0
449.0,493.0
450.0,493.0
451.0,494.0
451.0,494.0
450.0,493.0
452.0,491.0
452.0,494.0
451.0,493.0
449.0,493.0
451.0,492.0
453.0,493.0
450.0,493.0
449.0,493.0
451.0,492.0
453.0,493.0
450.0,494.0
449.0,492.0
454.0,492.0
451.0,491.0
449.0,492.0
450.0,491.0
452.0,492.0
451.0,493.0
449.0,491.0
451.0,493.0
451.0,493.0
452.0,493.0
451.0,493.0
451.0,493.0
452.0,494.0
451.0,493.0
451.0,493.0
452.0,492.0
456.0,493.0
446.0,493.0
448.0,493.0
451.0,492.0
453.0,493.0
451.0,494.0
450.0,493.0
452.0,493.0
453.0,493.0
452.0,494.0
449.0,492.0
453.0,493.0
452.0,494.0
449.0,493.0
451.0,493.0
454.0,494.0
450.0,494.0
449.0,492.0
452.0,493.0
452.0,494.0
451.0,494.0
450.0,493.0
452.0,493.0
452.0,494.0
451.0,494.0
449.0,493.0
451.0,493.0
454.0,493.0
452.0,493.0
448.0,493.0
451.0,492.0
453.0,493.0
449.0,493.0
450.0,492.0
452.0,493.0
453.0,493.0
450.0,491.0
449.0,492.0
452.0,493.0
451.0,493.0
450.0,493.0
451.0,491.0
451.0,492.0
451.0,493.0
450.0,491.0
452.0,491.0
452.0,492.0
451.0,492.0
449.0,494.0
451.0,493.0
453.0,487.0
451.0,491.0
449.0,494.0
451.0,491.0
453.0,489.0
450.0,489.0
449.0,489.0
451.0,489.0
452.0,491.0
450.0,490.0
450.0,489.0
452.0,491.0
451.0,491.0
450.0,489.0
451.0,489.0
451.0,492.0
451.0,490.0
450.0,489.0
451.0,489.0
452.0,490.0
451.0,490.0
450.0,489.0
451.0,491.0
452.0,493.0
451.0,492.0
449.0,487.0
451.0,486.0
453.0,487.0
450.0,488.0
448.0,488.0
451.0,489.0
452.0,490.0
449.0,490.0
450.0,489.0
452.0,491.0
452.0,491.0
450.0,489.0
451.0,489.0
453.0,491.0
452.0,491.0
451.0,489.0
452.0,490.0
453.0,491.0
451.0,497.0
450.0,492.0
451.0,483.0
452.0,489.0
451.0,490.0
450.0,487.0
451.0,489.0
453.0,491.0
451.0,490.0
449.0,488.0
452.0,488.0
452.0,489.0
449.0,490.0
450.0,488.0
452.0,490.0
451.0,491.0
450.0,490.0
451.0,490.0
452.0,492.0
451.0,492.0
450.0,489.0
451.0,489.0
453.0,491.0
451.0,491.0
450.0,489.0
451.0,489.0
451.0,491.0
451.0,491.0
449.0,489.0
451.0,489.0
453.0,491.0
451.0,492.0
449.0,490.0
452.0,490.0
453.0,492.0
451.0,492.0
451.0,490.0
453.0,489.0
453.0,490.0
451.0,490.0
451.0,489.0
453.0,490.0
452.0,490.0
451.0,487.0
452.0,486.0
453.0,489.0
452.0,489.0
451.0,488.0
452.0,489.0
453.0,491.0
452.0,491.0
451.0,489.0
452.0,488.0
454.0,489.0
452.0,490.0
451.0,489.0
452.0,488.0
454.0,490.0
451.0,490.0
450.0,489.0
453.0,489.0
454.0,492.0
451.0,491.0
451.0,489.0
453.0,490.0
453.0,491.0
451.0,487.0
451.0,489.0
454.0,491.0
452.0,491.0
451.0,489.0
452.0,490.0
454.0,491.0
453.0,492.0
452.0,491.0
454.0,490.0
455.0,492.0
454.0,492.0
452.0,491.0
454.0,491.0
455.0,492.0
453.0,493.0
451.0,490.0
453.0,490.0
454.0,493.0
452.0,492.0
451.0,490.0
454.0,491.0
453.0,493.0
452.0,492.0
452.0,491.0
454.0,493.0
453.0,493.0
451.0,492.0
452.0,491.0
453.0,493.0
452.0,493.0
451.0,491.0
452.0,491.0
453.0,493.0
452.0,493.0
450.0,492.0
452.0,492.0
454.0,494.0
451.0,493.0
450.0,493.0
452.0,492.0
454.0,494.0
451.0,494.0
451.0,492.0
452.0,493.0
452.0,495.0
450.0,493.0
451.0,492.0
453.0,494.0
453.0,495.0
450.0,492.0
452.0,492.0
453.0,494.0
452.0,494.0
450.0,493.0
451.0,492.0
453.0,495.0
452.0,496.0
451.0,492.0
452.0,491.0
453.0,492.0
452.0,493.0
450.0,491.0
452.0,491.0
454.0,493.0
451.0,494.0
450.0,492.0
453.0,493.0
453.0,495.0
451.0,494.0
451.0,492.0
453.0,494.0
452.0,495.0
450.0,492.0
451.0,492.0
453.0,494.0
452.0,495.0
451.0,493.0
452.0,493.0
453.0,494.0
452.0,494.0
451.0,493.0
452.0,492.0
453.0,493.0
452.0,494.0
451.0,492.0
452.0,492.0
454.0,493.0
452.0,493.0
450.0,492.0
453.0,492.0
454.0,494.0
451.0,494.0
451.0,492.0
453.0,491.0
453.0,494.0
450.0,492.0
451.0,491.0
453.0,493.0
453.0,494.0
451.0,492.0
452.0,492.0
453.0,494.0
451.0,493.0
451.0,492.0
451.0,492.0
453.0,493.0
451.0,493.0
450.0,492.0
451.0,491.0
454.0,492.0
452.0,493.0
449.0,492.0
452.0,491.0
454.0,493.0
451.0,493.0
450.0,491.0
453.0,491.0
452.0,493.0
450.0,492.0
451.0,491.0
452.0,492.0
452.0,494.0
451.0,491.0
451.0,491.0
453.0,493.0
451.0,493.0
451.0,491.0
451.0,490.0
453.0,492.0
452.0,493.0
450.0,491.0
451.0,491.0
453.0,492.0
452.0,492.0
449.0,491.0
452.0,491.0
454.0,493.0
451.0,492.0
450.0,490.0
453.0,491.0
453.0,492.0
451.0,491.0
451.0,491.0
453.0,492.0
452.0,493.0
451.0,491.0
451.0,490.0
453.0,492.0
451.0,492.0
451.0,490.0
451.0,490.0
453.0,492.0
451.0,493.0
451.0,491.0
452.0,490.0
453.0,492.0
452.0,493.0
449.0,491.0
451.0,491.0
453.0,492.0
451.0,493.0
449.0,491.0
452.0,491.0
453.0,492.0
450.0,492.0
450.0,491.0
452.0,492.0
452.0,493.0
450.0,493.0
451.0,491.0
452.0,493.0
452.0,492.0
450.0,489.0
451.0,489.0
452.0,490.0
451.0,492.0
450.0,492.0
452.0,491.0
452.0,492.0
451.0,493.0
450.0,492.0
451.0,492.0
453.0,493.0
451.0,493.0
450.0,492.0
451.0,492.0
454.0,493.0
450.0,493.0
450.0,492.0
452.0,492.0
452.0,494.0
451.0,492.0
450.0,491.0
453.0,493.0
451.0,494.0
450.0,492.0
451.0,491.0
452.0,493.0
452.0,494.0
450.0,492.0
451.0,491.0
452.0,493.0
451.0,494.0
450.0,492.0
451.0,492.0
453.0,494.0
452.0,494.0
450.0,492.0
452.0,492.0
454.0,493.0
451.0,493.0
450.0,492.0
453.0,492.0
453.0,494.0
451.0,493.0
451.0,491.0
452.0,493.0
452.0,494.0
450.0,492.0
451.0,491.0
453.0,493.0
451.0,494.0
450.0,492.0
451.0,491.0
453.0,494.0
452.0,494.0
450.0,492.0
451.0,492.0
453.0,493.0
452.0,494.0
449.0,492.0
452.0,492.0
454.0,493.0
451.0,493.0
446.0,492.0
452.0,492.0
453.0,493.0
450.0,493.0
451.0,492.0
452.0,493.0
452.0,494.0
451.0,492.0
451.0,491.0
453.0,494.0
452.0,494.0
450.0,491.0
451.0,492.0
453.0,493.0
452.0,494.0
451.0,492.0
451.0,491.0
453.0,493.0
452.0,493.0
450.0,492.0
452.0,491.0
453.0,493.0
451.0,493.0
449.0,492.0
452.0,492.0
454.0,493.0
451.0,493.0
450.0,491.0
453.0,492.0
453.0,493.0
451.0,492.0
451.0,492.0
453.0,493.0
452.0,493.0
451.0,492.0
451.0,492.0
453.0,493.0
452.0,493.0
450.0,492.0
452.0,491.0
453.0,493.0
452.0,493.0
451.0,492.0
453.0,491.0
454.0,493.0
452.0,493.0
451.0,492.0
453.0,492.0
455.0,493.0
451.0,493.0
447.0,490.0
453.0,490.0
454.0,492.0
452.0,491.0
451.0,491.0
453.0,492.0
453.0,493.0
451.0,491.0
451.0,491.0
453.0,493.0
452.0,493.0
452.0,493.0
453.0,491.0
454.0,492.0
452.0,493.0
452.0,492.0
452.0,491.0
454.0,493.0
453.0,494.0
451.0,492.0
453.0,492.0
454.0,493.0
452.0,493.0
450.0,492.0
453.0,492.0
454.0,493.0
452.0,493.0
451.0,491.0
454.0,493.0
454.0,494.0
452.0,493.0
452.0,491.0
454.0,493.0
453.0,494.0
452.0,493.0
452.0,492.0
454.0,493.0
452.0,494.0
452.0,492.0
453.0,492.0
453.0,493.0
452.0,493.0
452.0,492.0
454.0,492.0
454.0,493.0
452.0,494.0
451.0,492.0
453.0,492.0
455.0,493.0
452.0,493.0
451.0,492.0
453.0,493.0
453.0,494.0
452.0,492.0
451.0,491.0
454.0,493.0
454.0,494.0
451.0,492.0
452.0,492.0
453.0,493.0
452.0,494.0
451.0,492.0
451.0,492.0
453.0,493.0
452.0,493.0
451.0,492.0
452.0,492.0
453.0,493.0
452.0,494.0
450.0,493.0
452.0,492.0
454.0,494.0
451.0,493.0
450.0,492.0
453.0,492.0
453.0,494.0
451.0,493.0
451.0,492.0
453.0,493.0
453.0,495.0
450.0,493.0
451.0,492.0
453.0,494.0
452.0,494.0
450.0,493.0
451.0,493.0
452.0,494.0
451.0,495.0
450.0,493.0
449.0,493.0
452.0,494.0
451.0,494.0
450.0,493.0
452.0,493.0
453.0,493.0
451.0,494.0
449.0,492.0
451.0,493.0
453.0,494.0
450.0,493.0
450.0,492.0
451.0,494.0
452.0,494.0
450.0,492.0
451.0,492.0
453.0,494.0
451.0,494.0
450.0,493.0
451.0,492.0
452.0,494.0
452.0,493.0
450.0,490.0
451.0,490.0
453.0,492.0
451.0,493.0
450.0,491.0
451.0,491.0
453.0,493.0
451.0,493.0
450.0,492.0
452.0,492.0
453.0,494.0
451.0,494.0
449.0,493.0
452.0,493.0
452.0,494.0
451.0,493.0
450.0,492.0
452.0,493.0
452.0,494.0
450.0,493.0
451.0,492.0
453.0,493.0
452.0,494.0
450.0,493.0
451.0,492.0
453.0,493.0
451.0,495.0
450.0,493.0
451.0,493.0
452.0,493.0
451.0,494.0
449.0,492.0
452.0,492.0
454.0,493.0
451.0,493.0
450.0,492.0
452.0,493.0
453.0,494.0
451.0,492.0
450.0,491.0
452.0,493.0
452.0,494.0
450.0,492.0
451.0,492.0
452.0,493.0
452.0,494.0
450.0,492.0
452.0,492.0
452.0,493.0
452.0,493.0
450.0,491.0
452.0,492.0
452.0,493.0
451.0,493.0
450.0,492.0
451.0,492.0
453.0,493.0
451.0,493.0
450.0,491.0
451.0,492.0
453.0,494.0
451.0,492.0
450.0,490.0
452.0,494.0
453.0,494.0
450.0,491.0
451.0,491.0
452.0,494.0
452.0,493.0
450.0,492.0
451.0,491.0
452.0,493.0
451.0,493.0
450.0,491.0
451.0,491.0
452.0,493.0
451.0,493.0
450.0,491.0
451.0,491.0
452.0,493.0
450.0,492.0
449.0,490.0
451.0,491.0
453.0,493.0
451.0,493.0
449.0,491.0
452.0,492.0
452.0,493.0
450.0,491.0
450.0,490.0
452.0,493.0
452.0,493.0
450.0,491.0
450.0,491.0
452.0,493.0
451.0,493.0
450.0,491.0
451.0,491.0
452.0,493.0
451.0,493.0
450.0,491.0
451.0,492.0
452.0,493.0
451.0,493.0
449.0,491.0
452.0,492.0
453.0,494.0
451.0,493.0
449.0,492.0
452.0,492.0
453.0,493.0
451.0,490.0
450.0,489.0
452.0,492.0
452.0,493.0
450.0,491.0
451.0,491.0
453.0,492.0
452.0,494.0
450.0,492.0
451.0,492.0
452.0,494.0
451.0,494.0
450.0,492.0
451.0,492.0
452.0,494.0
451.0,494.0
450.0,492.0
451.0,493.0
453.0,494.0
450.0,493.0
449.0,492.0
451.0,493.0
453.0,494.0
450.0,493.0
450.0,491.0
452.0,492.0
452.0,494.0
450.0,492.0
450.0,492.0
452.0,493.0
451.0,494.0
450.0,493.0
451.0,492.0
452.0,493.0
451.0,494.0
451.0,492.0
451.0,492.0
452.0,493.0
452.0,494.0
450.0,492.0
452.0,492.0
453.0,493.0
451.0,494.0
450.0,492.0
452.0,492.0
453.0,494.0
451.0,493.0
449.0,491.0
452.0,493.0
452.0,497.0
451.0,492.0
451.0,491.0
452.0,493.0
452.0,493.0
450.0,492.0
451.0,492.0
452.0,493.0
451.0,494.0
450.0,492.0
451.0,492.0
452.0,493.0
451.0,493.0
450.0,492.0
451.0,492.0
452.0,493.0
451.0,493.0
449.0,491.0
451.0,492.0
453.0,494.0
451.0,493.0
449.0,491.0
452.0,492.0
453.0,494.0
450.0,491.0
450.0,491.0
452.0,493.0
452.0,494.0
450.0,491.0
450.0,492.0
452.0,493.0
451.0,493.0
450.0,492.0
451.0,491.0
452.0,493.0
451.0,493.0
450.0,492.0
451.0,492.0
452.0,493.0
451.0,493.0
450.0,491.0
452.0,492.0
453.0,494.0
451.0,493.0
448.0,491.0
452.0,492.0
453.0,493.0
450.0,492.0
447.0,488.0
452.0,494.0
452.0,494.0
450.0,492.0
450.0,491.0
451.0,493.0
451.0,493.0
449.0,491.0
450.0,491.0
452.0,493.0
451.0,493.0
449.0,492.0
451.0,492.0
451.0,494.0
451.0,494.0
450.0,492.0
451.0,491.0
452.0,491.0
451.0,491.0
449.0,489.0
451.0,491.0
453.0,493.0
451.0,492.0
449.0,491.0
452.0,493.0
452.0,494.0
450.0,492.0
450.0,491.0
452.0,493.0
452.0,493.0
450.0,492.0
451.0,491.0
452.0,493.0
451.0,493.0
450.0,491.0
451.0,492.0
452.0,493.0
451.0,493.0
450.0,491.0
451.0,491.0
452.0,493.0
451.0,493.0
449.0,491.0
451.0,492.0
453.0,494.0
451.0,493.0
449.0,491.0
452.0,493.0
453.0,495.0
450.0,492.0
450.0,491.0
452.0,494.0
452.0,494.0
450.0,492.0
451.0,492.0
452.0,493.0
451.0,494.0
449.0,492.0
451.0,492.0
452.0,493.0
451.0,494.0
450.0,492.0
451.0,492.0
452.0,493.0
451.0,494.0
450.0,492.0
451.0,492.0
453.0,494.0
451.0,493.0
449.0,491.0
452.0,493.0
453.0,494.0
450.0,492.0
450.0,491.0
452.0,493.0
453.0,494.0
450.0,491.0
450.0,491.0
452.0,493.0
451.0,494.0
450.0,492.0
453.0,492.0
453.0,493.0
451.0,494.0
450.0,492.0
451.0,491.0
452.0,493.0
451.0,493.0
450.0,492.0
451.0,492.0
452.0,493.0
451.0,493.0
450.0,491.0
451.0,492.0
453.0,493.0
448.0,492.0
450.0,491.0
453.0,493.0
453.0,494.0
451.0,492.0
450.0,491.0
452.0,493.0
452.0,493.0
450.0,492.0
451.0,491.0
453.0,493.0
451.0,493.0
450.0,492.0
451.0,492.0
