451.0,494.0
450.0,493.0
451.0,494.0
451.0,493.0
450.0,494.0
450.0,493.0
450.0,494.0
450.0,494.0
450.0,494.0
450.0,494.0
451.0,495.0
450.0,494.0
452.0,495.0
453.0,493.0
452.0,493.0
451.0,494.0
452.0,494.0
452.0,493.0
452.0,493.0
450.0,494.0
452.0,494.0
453.0,493.0
451.0,493.0
449.0,494.0
452.0,493.0
453.0,492.0
450.0,493.0
450.0,495.0
452.0,493.0
452.0,492.0
449.0,493.0
450.0,493.0
451.0,492.0
451.0,492.0
449.0,493.0
451.0,494.0
452.0,493.0
451.0,493.0
450.0,494.0
451.0,494.0
452.0,493.0
451.0,493.0
450.0,494.0
451.0,494.0
452.0,493.0
451.0,493.0
449.0,494.0
451.0,494.0
452.0,493.0
450.0,494.0
450.0,493.0
452.0,491.0
452.0,490.0
450.0,492.0
450.0,493.0
452.0,492.0
451.0,491.0
450.0,493.0
451.0,494.0
452.0,493.0
451.0,492.0
449.0,493.0
451.0,494.0
452.0,493.0
451.0,492.0
450.0,494.0
451.0,494.0
453.0,493.0
451.0,493.0
450.0,494.0
451.0,494.0
453.0,493.0
451.0,493.0
450.0,495.0
452.0,493.0
452.0,493.0
450.0,494.0
450.0,494.0
452.0,493.0
452.0,493.0
450.0,493.0
451.0,494.0
453.0,494.0
451.0,492.0
450.0,493.0
451.0,494.0
452.0,493.0
451.0,493.0
450.0,494.0
451.0,494.0
452.0,493.0
451.0,493.0
449.0,494.0
451.0,494.0
453.0,493.0
451.0,493.0
450.0,494.0
452.0,491.0
453.0,492.0
450.0,494.0
451.0,494.0
452.0,492.0
452.0,492.0
450.0,493.0
451.0,493.0
452.0,492.0
451.0,492.0
450.0,493.0
451.0,494.0
452.0,493.0
451.0,492.0
450.0,493.0
451.0,493.0
452.0,493.0
451.0,492.0
450.0,493.0
451.0,494.0
453.0,492.0
450.0,492.0
449.0,494.0
451.0,494.0
453.0,492.0
450.0,493.0
449.0,497.0
451.0,492.0
452.0,492.0
450.0,494.0
450.0,494.0
452.0,493.0
451.0,492.0
449.0,493.0
450.0,494.0
452.0,493.0
451.0,492.0
449.0,493.0
451.0,494.0
451.0,493.0
450.0,493.0
449.0,493.0
451.0,494.0
451.0,493.0
450.0,493.0
449.0,493.0
450.0,493.0
452.0,492.0
453.0,492.0
449.0,494.0
451.0,493.0
451.0,492.0
450.0,493.0
450.0,494.0
452.0,492.0
451.0,492.0
450.0,493.0
451.0,494.0
451.0,493.0
451.0,492.0
449.0,493.0
451.0,493.0
452.0,492.0
451.0,492.0
449.0,493.0
451.0,493.0
451.0,492.0
451.0,492.0
449.0,493.0
451.0,494.0
452.0,492.0
451.0,492.0
449.0,493.0
451.0,493.0
452.0,493.0
449.0,493.0
449.0,495.0
451.0,492.0
451.0,492.0
449.0,493.0
450.0,492.0
451.0,490.0
451.0,489.0
449.0,492.0
451.0,492.0
452.0,492.0
451.0,492.0
450.0,493.0
451.0,493.0
452.0,492.0
451.0,492.0
449.0,493.0
451.0,493.0
452.0,492.0
450.0,492.0
449.0,494.0
451.0,493.0
452.0,492.0
450.0,493.0
449.0,494.0
451.0,493.0
452.0,492.0
450.0,494.0
450.0,494.0
451.0,492.0
451.0,493.0
450.0,493.0
450.0,494.0
452.0,493.0
451.0,492.0
449.0,493.0
451.0,494.0
452.0,493.0
451.0,493.0
450.0,493.0
451.0,494.0
451.0,493.0
450.0,492.0
449.0,494.0
451.0,493.0
452.0,493.0
450.0,493.0
449.0,498.0
451.0,492.0
452.0,492.0
449.0,494.0
450.0,494.0
451.0,493.0
451.0,492.0
449.0,494.0
450.0,494.0
451.0,493.0
451.0,492.0
448.0,493.0
450.0,494.0
451.0,493.0
450.0,492.0
449.0,493.0
451.0,493.0
451.0,492.0
451.0,492.0
449.0,494.0
451.0,493.0
452.0,492.0
451.0,492.0
448.0,493.0
451.0,493.0
452.0,492.0
450.0,493.0
450.0,494.0
452.0,493.0
452.0,492.0
450.0,494.0
451.0,494.0
452.0,492.0
452.0,492.0
450.0,493.0
451.0,494.0
452.0,493.0
451.0,492.0
450.0,493.0
451.0,493.0
452.0,493.0
451.0,492.0
450.0,493.0
451.0,495.0
452.0,492.0
451.0,493.0
450.0,494.0
452.0,494.0
453.0,493.0
451.0,493.0
450.0,493.0
452.0,493.0
451.0,492.0
450.0,493.0
450.0,493.0
452.0,492.0
452.0,492.0
450.0,493.0
450.0,494.0
452.0,492.0
451.0,493.0
450.0,494.0
451.0,494.0
452.0,493.0
451.0,493.0
450.0,493.0
451.0,494.0
452.0,493.0
450.0,493.0
449.0,494.0
451.0,493.0
453.0,492.0
451.0,493.0
449.0,494.0
451.0,492.0
452.0,492.0
450.0,493.0
449.0,495.0
451.0,493.0
451.0,492.0
450.0,493.0
450.0,493.0
452.0,491.0
451.0,490.0
450.0,492.0
451.0,493.0
452.0,492.0
451.0,492.0
449.0,493.0
451.0,494.0
451.0,492.0
451.0,493.0
450.0,494.0
451.0,494.0
452.0,493.0
451.0,493.0
449.0,495.0
451.0,493.0
453.0,492.0
451.0,494.0
450.0,495.0
451.0,493.0
452.0,492.0
450.0,494.0
450.0,495.0
452.0,493.0
451.0,492.0
450.0,493.0
451.0,495.0
452.0,493.0
451.0,492.0
450.0,494.0
451.0,494.0
452.0,493.0
451.0,492.0
450.0,493.0
451.0,494.0
452.0,493.0
451.0,492.0
450.0,494.0
451.0,493.0
453.0,492.0
451.0,494.0
450.0,494.0
452.0,492.0
453.0,491.0
450.0,493.0
450.0,494.0
452.0,492.0
452.0,492.0
450.0,493.0
450.0,494.0
452.0,493.0
451.0,492.0
450.0,493.0
451.0,493.0
452.0,492.0
451.0,492.0
450.0,493.0
451.0,493.0
452.0,492.0
451.0,492.0
450.0,493.0
451.0,493.0
453.0,492.0
451.0,492.0
449.0,494.0
451.0,492.0
453.0,492.0
450.0,493.0
449.0,493.0
451.0,492.0
451.0,492.0
449.0,494.0
450.0,494.0
451.0,492.0
451.0,491.0
449.0,493.0
450.0,493.0
451.0,492.0
451.0,492.0
450.0,493.0
451.0,493.0
452.0,492.0
451.0,492.0
450.0,493.0
451.0,493.0
452.0,492.0
451.0,492.0
448.0,494.0
451.0,493.0
454.0,492.0
450.0,493.0
448.0,495.0
451.0,492.0
452.0,491.0
449.0,493.0
449.0,493.0
451.0,493.0
451.0,492.0
449.0,493.0
450.0,494.0
452.0,492.0
451.0,492.0
449.0,493.0
450.0,494.0
451.0,493.0
450.0,491.0
449.0,492.0
451.0,494.0
451.0,492.0
450.0,491.0
449.0,493.0
451.0,492.0
452.0,491.0
450.0,493.0
449.0,494.0
450.0,492.0
453.0,492.0
450.0,494.0
450.0,494.0
452.0,493.0
451.0,492.0
450.0,491.0
450.0,492.0
451.0,491.0
451.0,491.0
450.0,492.0
451.0,493.0
452.0,492.0
451.0,492.0
450.0,493.0
450.0,494.0
452.0,492.0
451.0,493.0
450.0,494.0
451.0,493.0
453.0,493.0
451.0,493.0
449.0,494.0
452.0,492.0
453.0,489.0
451.0,493.0
449.0,494.0
452.0,493.0
452.0,492.0
450.0,493.0
450.0,494.0
452.0,493.0
451.0,492.0
450.0,493.0
451.0,494.0
452.0,493.0
451.0,492.0
449.0,493.0
451.0,494.0
452.0,492.0
451.0,492.0
450.0,493.0
451.0,493.0
452.0,492.0
451.0,493.0
449.0,494.0
451.0,493.0
452.0,492.0
451.0,494.0
449.0,494.0
452.0,492.0
452.0,492.0
450.0,493.0
450.0,494.0
452.0,492.0
451.0,492.0
450.0,494.0
450.0,494.0
452.0,493.0
451.0,492.0
450.0,493.0
451.0,494.0
452.0,493.0
451.0,493.0
450.0,494.0
451.0,494.0
452.0,493.0
451.0,493.0
450.0,494.0
450.0,493.0
453.0,492.0
451.0,494.0
448.0,494.0
451.0,493.0
452.0,492.0
450.0,494.0
449.0,494.0
452.0,492.0
451.0,492.0
450.0,494.0
450.0,494.0
452.0,493.0
451.0,492.0
450.0,494.0
450.0,495.0
452.0,493.0
451.0,492.0
450.0,493.0
451.0,494.0
451.0,493.0
451.0,492.0
449.0,494.0
451.0,494.0
451.0,493.0
450.0,493.0
449.0,494.0
451.0,492.0
452.0,492.0
450.0,494.0
448.0,494.0
450.0,492.0
451.0,492.0
449.0,494.0
450.0,494.0
451.0,493.0
451.0,493.0
449.0,494.0
450.0,494.0
451.0,493.0
451.0,492.0
449.0,493.0
450.0,494.0
451.0,492.0
451.0,492.0
449.0,493.0
450.0,493.0
451.0,492.0
450.0,492.0
449.0,493.0
451.0,493.0
452.0,491.0
450.0,493.0
448.0,494.0
451.0,492.0
453.0,492.0
450.0,493.0
449.0,494.0
451.0,493.0
451.0,492.0
450.0,493.0
450.0,495.0
452.0,493.0
451.0,492.0
450.0,492.0
451.0,492.0
452.0,490.0
451.0,490.0
450.0,492.0
451.0,493.0
452.0,491.0
451.0,492.0
450.0,493.0
451.0,493.0
452.0,492.0
451.0,492.0
450.0,493.0
451.0,492.0
453.0,491.0
451.0,493.0
450.0,493.0
452.0,492.0
453.0,491.0
450.0,493.0
450.0,493.0
452.0,492.0
451.0,492.0
450.0,493.0
451.0,494.0
452.0,492.0
451.0,491.0
450.0,493.0
451.0,493.0
452.0,492.0
451.0,492.0
450.0,493.0
451.0,493.0
452.0,492.0
451.0,493.0
449.0,493.0
451.0,493.0
453.0,491.0
451.0,493.0
449.0,494.0
451.0,492.0
452.0,492.0
450.0,492.0
449.0,493.0
452.0,492.0
451.0,491.0
450.0,493.0
450.0,493.0
452.0,492.0
451.0,491.0
450.0,493.0
451.0,493.0
452.0,492.0
451.0,492.0
451.0,493.0
451.0,493.0
452.0,492.0
451.0,492.0
450.0,493.0
451.0,492.0
453.0,491.0
451.0,493.0
450.0,494.0
452.0,492.0
453.0,492.0
451.0,493.0
450.0,493.0
453.0,493.0
452.0,492.0
451.0,493.0
451.0,494.0
453.0,493.0
452.0,491.0
451.0,493.0
451.0,493.0
453.0,492.0
452.0,492.0
451.0,493.0
452.0,493.0
452.0,492.0
451.0,492.0
450.0,493.0
451.0,493.0
453.0,492.0
451.0,493.0
450.0,494.0
452.0,492.0
454.0,491.0
451.0,494.0
450.0,493.0
452.0,493.0
453.0,492.0
450.0,493.0
450.0,494.0
452.0,492.0
452.0,492.0
450.0,493.0
451.0,494.0
452.0,493.0
451.0,492.0
450.0,493.0
451.0,494.0
453.0,493.0
452.0,492.0
450.0,494.0
451.0,493.0
452.0,492.0
451.0,493.0
450.0,494.0
451.0,493.0
453.0,492.0
451.0,493.0
449.0,494.0
451.0,492.0
452.0,492.0
450.0,494.0
449.0,494.0
452.0,492.0
452.0,492.0
450.0,493.0
451.0,494.0
452.0,492.0
452.0,492.0
450.0,493.0
451.0,494.0
452.0,492.0
451.0,493.0
450.0,494.0
451.0,493.0
452.0,491.0
451.0,491.0
450.0,492.0
452.0,491.0
453.0,490.0
451.0,492.0
450.0,493.0
452.0,491.0
454.0,491.0
451.0,493.0
450.0,493.0
452.0,493.0
453.0,492.0
451.0,493.0
451.0,494.0
452.0,492.0
452.0,492.0
451.0,493.0
451.0,494.0
453.0,492.0
451.0,492.0
451.0,494.0
451.0,494.0
453.0,492.0
451.0,493.0
450.0,494.0
451.0,493.0
452.0,492.0
451.0,493.0
450.0,495.0
451.0,493.0
453.0,492.0
451.0,493.0
450.0,494.0
452.0,493.0
453.0,492.0
450.0,494.0
451.0,494.0
452.0,493.0
452.0,492.0
450.0,493.0
451.0,494.0
453.0,492.0
452.0,492.0
450.0,494.0
451.0,494.0
452.0,493.0
451.0,492.0
450.0,493.0
451.0,493.0
452.0,492.0
451.0,493.0
450.0,494.0
451.0,493.0
453.0,492.0
451.0,496.0
449.0,494.0
451.0,493.0
452.0,492.0
451.0,493.0
449.0,495.0
452.0,493.0
452.0,492.0
450.0,493.0
450.0,494.0
452.0,493.0
451.0,492.0
450.0,493.0
451.0,493.0
453.0,492.0
450.0,492.0
450.0,493.0
451.0,493.0
452.0,492.0
451.0,493.0
450.0,494.0
451.0,493.0
452.0,492.0
451.0,493.0
449.0,494.0
451.0,493.0
453.0,491.0
451.0,493.0
450.0,494.0
452.0,493.0
453.0,493.0
450.0,493.0
451.0,494.0
452.0,493.0
452.0,493.0
450.0,493.0
451.0,494.0
453.0,493.0
452.0,493.0
450.0,493.0
451.0,494.0
453.0,492.0
451.0,493.0
450.0,494.0
452.0,493.0
452.0,492.0
451.0,493.0
450.0,494.0
452.0,493.0
454.0,492.0
451.0,494.0
450.0,493.0
452.0,493.0
453.0,492.0
450.0,493.0
450.0,494.0
452.0,493.0
453.0,492.0
451.0,493.0
451.0,494.0
453.0,493.0
452.0,492.0
451.0,493.0
451.0,494.0
453.0,493.0
451.0,493.0
451.0,495.0
452.0,494.0
453.0,492.0
451.0,492.0
451.0,492.0
452.0,491.0
453.0,491.0
452.0,492.0
451.0,493.0
453.0,492.0
454.0,492.0
451.0,493.0
450.0,494.0
453.0,493.0
453.0,492.0
451.0,493.0
450.0,494.0
453.0,493.0
452.0,493.0
450.0,493.0
451.0,494.0
453.0,492.0
451.0,492.0
450.0,494.0
451.0,494.0
452.0,492.0
452.0,493.0
450.0,494.0
451.0,493.0
452.0,492.0
451.0,494.0
450.0,495.0
451.0,493.0
453.0,493.0
451.0,496.0
448.0,494.0
451.0,493.0
452.0,493.0
450.0,493.0
450.0,494.0
451.0,493.0
452.0,492.0
450.0,493.0
450.0,494.0
452.0,492.0
451.0,493.0
449.0,494.0
451.0,494.0
451.0,493.0
451.0,493.0
450.0,495.0
451.0,494.0
452.0,493.0
451.0,493.0
450.0,495.0
451.0,493.0
452.0,493.0
450.0,493.0
449.0,494.0
451.0,493.0
453.0,492.0
450.0,494.0
449.0,494.0
452.0,493.0
451.0,493.0
450.0,493.0
450.0,495.0
452.0,493.0
451.0,493.0
450.0,494.0
450.0,494.0
452.0,492.0
451.0,493.0
449.0,494.0
451.0,494.0
452.0,492.0
451.0,493.0
450.0,494.0
451.0,493.0
452.0,492.0
450.0,493.0
449.0,494.0
451.0,493.0
452.0,493.0
450.0,493.0
449.0,494.0
451.0,493.0
453.0,493.0
450.0,493.0
450.0,494.0
451.0,493.0
452.0,492.0
450.0,493.0
451.0,494.0
452.0,493.0
451.0,492.0
450.0,493.0
451.0,494.0
452.0,492.0
451.0,493.0
450.0,494.0
451.0,493.0
452.0,492.0
451.0,493.0
450.0,495.0
451.0,492.0
453.0,492.0
451.0,493.0
449.0,494.0
455.0,492.0
453.0,492.0
450.0,493.0
449.0,494.0
452.0,492.0
452.0,492.0
450.0,493.0
450.0,493.0
452.0,493.0
451.0,492.0
450.0,492.0
451.0,494.0
453.0,492.0
451.0,492.0
450.0,494.0
451.0,494.0
452.0,493.0
451.0,493.0
450.0,493.0
452.0,490.0
452.0,490.0
451.0,495.0
450.0,493.0
451.0,492.0
453.0,492.0
451.0,493.0
449.0,494.0
452.0,493.0
453.0,492.0
451.0,493.0
450.0,495.0
453.0,493.0
452.0,493.0
450.0,494.0
451.0,494.0
452.0,493.0
451.0,493.0
450.0,494.0
451.0,494.0
452.0,493.0
451.0,493.0
450.0,495.0
451.0,493.0
452.0,492.0
451.0,494.0
450.0,494.0
451.0,492.0
453.0,492.0
451.0,494.0
450.0,494.0
452.0,493.0
453.0,493.0
450.0,494.0
450.0,495.0
452.0,493.0
452.0,493.0
450.0,494.0
451.0,494.0
452.0,493.0
452.0,493.0
449.0,494.0
451.0,494.0
452.0,493.0
451.0,493.0
450.0,495.0
451.0,493.0
452.0,493.0
451.0,493.0
450.0,494.0
451.0,493.0
453.0,492.0
451.0,494.0
449.0,494.0
451.0,492.0
453.0,492.0
451.0,494.0
449.0,494.0
452.0,493.0
453.0,493.0
450.0,493.0
451.0,494.0
452.0,493.0
452.0,493.0
450.0,494.0
451.0,494.0
452.0,492.0
451.0,493.0
450.0,494.0
451.0,493.0
452.0,493.0
451.0,494.0
450.0,495.0
451.0,492.0
452.0,493.0
451.0,494.0
450.0,494.0
451.0,493.0
453.0,492.0
451.0,493.0
450.0,494.0
451.0,493.0
453.0,493.0
450.0,493.0
450.0,494.0
452.0,493.0
452.0,492.0
450.0,494.0
451.0,494.0
452.0,493.0
451.0,493.0
450.0,494.0
451.0,494.0
452.0,493.0
451.0,493.0
450.0,495.0
451.0,492.0
453.0,492.0
451.0,493.0
450.0,494.0
451.0,492.0
453.0,492.0
451.0,495.0
449.0,493.0
452.0,492.0
453.0,492.0
450.0,493.0
449.0,493.0
452.0,492.0
451.0,492.0
450.0,493.0
450.0,494.0
452.0,493.0
451.0,493.0
450.0,494.0
451.0,494.0
452.0,493.0
451.0,493.0
450.0,495.0
451.0,493.0
452.0,491.0
451.0,492.0
450.0,493.0
451.0,490.0
452.0,491.0
451.0,492.0
450.0,493.0
451.0,493.0
453.0,492.0
450.0,493.0
449.0,494.0
452.0,493.0
452.0,493.0
450.0,493.0
450.0,494.0
451.0,493.0
451.0,492.0
450.0,493.0
450.0,494.0
451.0,493.0
451.0,493.0
449.0,494.0
451.0,493.0
452.0,492.0
451.0,494.0
449.0,495.0
451.0,492.0
451.0,493.0
451.0,494.0
450.0,494.0
451.0,493.0
453.0,492.0
451.0,494.0
450.0,494.0
451.0,493.0
453.0,493.0
450.0,494.0
450.0,494.0
451.0,493.0
452.0,492.0
450.0,493.0
450.0,494.0
452.0,492.0
450.0,492.0
450.0,494.0
451.0,493.0
452.0,492.0
453.0,493.0
450.0,493.0
451.0,492.0
452.0,491.0
451.0,493.0
449.0,493.0
451.0,492.0
452.0,492.0
451.0,493.0
449.0,493.0
451.0,493.0
452.0,492.0
450.0,493.0
449.0,494.0
452.0,492.0
452.0,492.0
450.0,493.0
450.0,493.0
452.0,492.0
451.0,492.0
450.0,493.0
450.0,493.0
452.0,491.0
451.0,493.0
449.0,494.0
451.0,492.0
452.0,491.0
451.0,492.0
450.0,494.0
451.0,492.0
452.0,492.0
451.0,493.0
449.0,494.0
451.0,493.0
453.0,492.0
450.0,493.0
449.0,494.0
451.0,492.0
452.0,492.0
450.0,493.0
450.0,494.0
451.0,493.0
451.0,492.0
450.0,493.0
450.0,493.0
452.0,492.0
451.0,492.0
449.0,494.0
451.0,493.0
452.0,492.0
451.0,493.0
450.0,494.0
451.0,492.0
452.0,492.0
451.0,493.0
451.0,493.0
451.0,492.0
452.0,492.0
451.0,493.0
449.0,493.0
451.0,492.0
453.0,492.0
450.0,493.0
450.0,493.0
452.0,492.0
452.0,492.0
451.0,493.0
451.0,493.0
452.0,492.0
451.0,493.0
450.0,494.0
451.0,493.0
452.0,491.0
451.0,491.0
450.0,492.0
451.0,491.0
452.0,491.0
451.0,493.0
450.0,493.0
451.0,492.0
452.0,492.0
451.0,493.0
450.0,494.0
451.0,493.0
453.0,493.0
451.0,493.0
450.0,494.0
452.0,493.0
452.0,492.0
450.0,493.0
450.0,494.0
452.0,493.0
452.0,492.0
450.0,494.0
451.0,494.0
453.0,492.0
451.0,493.0
450.0,494.0
451.0,493.0
453.0,493.0
451.0,494.0
450.0,495.0
451.0,492.0
452.0,492.0
451.0,493.0
450.0,495.0
451.0,492.0
453.0,492.0
451.0,493.0
450.0,494.0
451.0,493.0
453.0,492.0
451.0,493.0
450.0,493.0
452.0,493.0
452.0,492.0
451.0,493.0
451.0,493.0
453.0,492.0
452.0,492.0
450.0,493.0
451.0,492.0
452.0,491.0
451.0,492.0
450.0,493.0
451.0,492.0
452.0,491.0
451.0,494.0
450.0,493.0
451.0,492.0
453.0,492.0
451.0,493.0
449.0,493.0
451.0,493.0
453.0,492.0
451.0,493.0
450.0,494.0
452.0,492.0
453.0,492.0
450.0,493.0
450.0,493.0
452.0,492.0
451.0,492.0
450.0,493.0
451.0,492.0
452.0,492.0
451.0,493.0
449.0,494.0
449.0,492.0
452.0,492.0
451.0,493.0
450.0,494.0
451.0,492.0
452.0,492.0
450.0,493.0
449.0,494.0
451.0,492.0
452.0,492.0
450.0,493.0
449.0,494.0
451.0,492.0
452.0,492.0
450.0,494.0
450.0,494.0
451.0,493.0
452.0,493.0
449.0,494.0
450.0,494.0
452.0,492.0
451.0,492.0
450.0,494.0
451.0,493.0
452.0,492.0
451.0,493.0
450.0,494.0
451.0,492.0
452.0,492.0
451.0,494.0
450.0,494.0
451.0,493.0
452.0,492.0
451.0,494.0
449.0,494.0
451.0,493.0
453.0,492.0
451.0,493.0
449.0,494.0
452.0,493.0
452.0,492.0
451.0,494.0
450.0,494.0
452.0,491.0
451.0,491.0
450.0,492.0
451.0,491.0
452.0,491.0
451.0,493.0
450.0,493.0
451.0,492.0
452.0,492.0
451.0,494.0
450.0,494.0
451.0,493.0
452.0,491.0
451.0,493.0
450.0,494.0
451.0,493.0
452.0,492.0
451.0,494.0
449.0,494.0
452.0,493.0
452.0,492.0
450.0,493.0
450.0,494.0
452.0,492.0
451.0,492.0
450.0,494.0
451.0,493.0
452.0,492.0
451.0,493.0
450.0,494.0
451.0,492.0
451.0,491.0
451.0,493.0
449.0,494.0
451.0,492.0
452.0,493.0
451.0,493.0
450.0,494.0
451.0,493.0
453.0,492.0
451.0,493.0
449.0,493.0
451.0,492.0
452.0,492.0
450.0,493.0
449.0,493.0
452.0,492.0
452.0,492.0
450.0,493.0
450.0,494.0
452.0,492.0
451.0,492.0
450.0,494.0
451.0,493.0
452.0,492.0
451.0,493.0
450.0,494.0
454.0,492.0
452.0,492.0
451.0,493.0
450.0,494.0
451.0,492.0
452.0,492.0
451.0,493.0
450.0,494.0
452.0,493.0
453.0,492.0
451.0,493.0
449.0,494.0
452.0,493.0
452.0,492.0
450.0,494.0
450.0,494.0
452.0,492.0
452.0,493.0
450.0,494.0
451.0,493.0
453.0,492.0
451.0,493.0
450.0,494.0
451.0,492.0
452.0,492.0
451.0,493.0
450.0,494.0
451.0,493.0
452.0,492.0
451.0,493.0
450.0,494.0
452.0,493.0
453.0,492.0
451.0,493.0
450.0,493.0
452.0,493.0
453.0,492.0
450.0,493.0
450.0,493.0
452.0,492.0
452.0,492.0
451.0,493.0
451.0,493.0
453.0,491.0
451.0,493.0
450.0,494.0
451.0,493.0
452.0,491.0
451.0,494.0
450.0,493.0
451.0,492.0
453.0,492.0
451.0,493.0
451.0,493.0
451.0,493.0
453.0,492.0
451.0,494.0
449.0,494.0
451.0,493.0
453.0,492.0
451.0,493.0
450.0,493.0
453.0,490.0
452.0,490.0
451.0,491.0
451.0,492.0
452.0,491.0
452.0,492.0
450.0,493.0
451.0,492.0
453.0,493.0
451.0,493.0
451.0,494.0
452.0,493.0
453.0,492.0
451.0,493.0
450.0,494.0
452.0,493.0
452.0,492.0
451.0,493.0
450.0,494.0
451.0,492.0
454.0,492.0
451.0,493.0
449.0,494.0
452.0,492.0
453.0,492.0
450.0,494.0
451.0,494.0
452.0,492.0
452.0,492.0
450.0,494.0
450.0,493.0
452.0,492.0
452.0,494.0
450.0,494.0
451.0,493.0
453.0,492.0
451.0,493.0
450.0,494.0
451.0,493.0
452.0,492.0
451.0,493.0
450.0,494.0
451.0,493.0
453.0,492.0
451.0,493.0
449.0,494.0
451.0,493.0
453.0,492.0
450.0,493.0
449.0,493.0
452.0,493.0
452.0,492.0
450.0,494.0
451.0,494.0
451.0,492.0
451.0,493.0
450.0,497.0
451.0,493.0
452.0,492.0
451.0,494.0
450.0,494.0
451.0,492.0
452.0,492.0
451.0,493.0
450.0,494.0
451.0,493.0
452.0,492.0
451.0,493.0
449.0,494.0
451.0,493.0
453.0,493.0
451.0,493.0
450.0,494.0
452.0,493.0
452.0,493.0
450.0,494.0
450.0,494.0
452.0,493.0
452.0,493.0
450.0,495.0
451.0,493.0
453.0,492.0
451.0,495.0
450.0,495.0
451.0,492.0
453.0,493.0
451.0,493.0
450.0,495.0
451.0,493.0
452.0,492.0
451.0,494.0
450.0,494.0
451.0,493.0
453.0,492.0
451.0,494.0
449.0,494.0
452.0,493.0
453.0,493.0
450.0,494.0
450.0,494.0
452.0,493.0
452.0,493.0
451.0,494.0
451.0,493.0
453.0,493.0
451.0,494.0
450.0,495.0
451.0,493.0
452.0,492.0
451.0,494.0
450.0,494.0
452.0,494.0
453.0,493.0
451.0,494.0
451.0,495.0
452.0,493.0
453.0,493.0
452.0,494.0
450.0,495.0
452.0,494.0
453.0,493.0
451.0,494.0
450.0,493.0
453.0,491.0
452.0,492.0
451.0,493.0
451.0,493.0
452.0,492.0
452.0,493.0
451.0,494.0
451.0,493.0
453.0,492.0
451.0,494.0
450.0,494.0
452.0,493.0
452.0,493.0
451.0,493.0
450.0,495.0
451.0,493.0
452.0,493.0
451.0,494.0
450.0,495.0
451.0,493.0
453.0,493.0
451.0,494.0
449.0,495.0
452.0,493.0
453.0,493.0
451.0,494.0
450.0,494.0
452.0,493.0
452.0,493.0
450.0,495.0
451.0,493.0
452.0,492.0
452.0,495.0
450.0,495.0
451.0,492.0
452.0,493.0
451.0,494.0
450.0,494.0
452.0,493.0
453.0,493.0
451.0,493.0
450.0,495.0
452.0,493.0
453.0,492.0
451.0,493.0
450.0,494.0
452.0,493.0
453.0,492.0
451.0,494.0
450.0,494.0
452.0,493.0
452.0,493.0
451.0,494.0
451.0,493.0
453.0,493.0
451.0,494.0
450.0,494.0
451.0,493.0
452.0,492.0
451.0,494.0
450.0,494.0
451.0,493.0
452.0,492.0
451.0,493.0
450.0,494.0
451.0,493.0
453.0,493.0
451.0,494.0
450.0,495.0
451.0,493.0
453.0,493.0
451.0,493.0
449.0,494.0
452.0,493.0
452.0,493.0
450.0,494.0
450.0,494.0
452.0,492.0
452.0,494.0
450.0,495.0
451.0,493.0
452.0,493.0
451.0,493.0
450.0,494.0
452.0,493.0
452.0,493.0
451.0,493.0
450.0,494.0
451.0,493.0
453.0,493.0
451.0,493.0
450.0,494.0
451.0,492.0
453.0,492.0
448.0,493.0
449.0,494.0
452.0,493.0
453.0,492.0
450.0,493.0
450.0,494.0
452.0,493.0
452.0,493.0
450.0,494.0
451.0,493.0
452.0,492.0
451.0,493.0
450.0,494.0
451.0,495.0
452.0,492.0
451.0,493.0
450.0,494.0
451.0,493.0
452.0,492.0
451.0,493.0
450.0,494.0
451.0,492.0
453.0,492.0
451.0,494.0
450.0,495.0
451.0,493.0
453.0,492.0
451.0,493.0
450.0,492.0
452.0,490.0
452.0,491.0
450.0,493.0
450.0,492.0
452.0,492.0
452.0,494.0
450.0,497.0
451.0,492.0
452.0,492.0
451.0,493.0
450.0,494.0
451.0,493.0
451.0,493.0
451.0,494.0
450.0,494.0
451.0,493.0
452.0,493.0
451.0,493.0
449.0,494.0
451.0,493.0
453.0,493.0
451.0,493.0
449.0,494.0
451.0,493.0
452.0,493.0
450.0,495.0
450.0,494.0
452.0,493.0
452.0,494.0
450.0,495.0
450.0,493.0
452.0,492.0
451.0,495.0
450.0,494.0
451.0,493.0
452.0,493.0
451.0,493.0
450.0,495.0
451.0,493.0
452.0,493.0
451.0,494.0
450.0,495.0
452.0,493.0
453.0,493.0
451.0,494.0
449.0,495.0
451.0,493.0
453.0,493.0
451.0,494.0
450.0,494.0
452.0,493.0
452.0,493.0
450.0,494.0
451.0,493.0
452.0,492.0
451.0,493.0
450.0,494.0
451.0,492.0
453.0,493.0
451.0,494.0
450.0,494.0
451.0,493.0
452.0,493.0
451.0,494.0
450.0,494.0
451.0,493.0
452.0,493.0
451.0,494.0
450.0,494.0
452.0,493.0
452.0,493.0
451.0,494.0
449.0,493.0
452.0,493.0
453.0,492.0
451.0,493.0
451.0,493.0
452.0,492.0
452.0,493.0
450.0,494.0
451.0,493.0
453.0,492.0
452.0,494.0
450.0,494.0
451.0,493.0
453.0,492.0
451.0,493.0
451.0,494.0
452.0,493.0
453.0,493.0
451.0,494.0
450.0,493.0
452.0,492.0
454.0,492.0
451.0,493.0
450.0,493.0
452.0,492.0
453.0,492.0
451.0,493.0
450.0,493.0
453.0,492.0
452.0,493.0
450.0,496.0
451.0,492.0
453.0,491.0
452.0,493.0
450.0,493.0
451.0,492.0
453.0,492.0
451.0,493.0
450.0,493.0
452.0,492.0
453.0,492.0
451.0,493.0
450.0,494.0
452.0,493.0
453.0,492.0
452.0,492.0
450.0,492.0
452.0,490.0
453.0,491.0
451.0,493.0
450.0,493.0
453.0,491.0
453.0,493.0
451.0,494.0
451.0,493.0
453.0,492.0
452.0,494.0
451.0,494.0
451.0,493.0
453.0,492.0
452.0,493.0
450.0,493.0
452.0,493.0
453.0,492.0
451.0,493.0
450.0,493.0
452.0,492.0
453.0,492.0
451.0,493.0
450.0,493.0
452.0,492.0
454.0,492.0
451.0,493.0
450.0,493.0
452.0,492.0
453.0,492.0
451.0,493.0
451.0,493.0
453.0,492.0
452.0,494.0
451.0,494.0
452.0,492.0
453.0,492.0
452.0,493.0
451.0,494.0
451.0,493.0
453.0,492.0
452.0,493.0
451.0,493.0
451.0,493.0
453.0,492.0
451.0,493.0
451.0,493.0
452.0,493.0
453.0,492.0
451.0,493.0
450.0,493.0
452.0,492.0
454.0,492.0
451.0,494.0
450.0,493.0
453.0,492.0
453.0,493.0
451.0,494.0
451.0,492.0
453.0,492.0
452.0,493.0
451.0,493.0
451.0,492.0
453.0,492.0
451.0,493.0
451.0,494.0
451.0,493.0
453.0,492.0
451.0,493.0
451.0,494.0
452.0,493.0
453.0,492.0
451.0,493.0
450.0,493.0
451.0,492.0
453.0,492.0
451.0,493.0
450.0,493.0
452.0,492.0
453.0,493.0
451.0,494.0
451.0,492.0
452.0,492.0
452.0,493.0
451.0,494.0
451.0,492.0
453.0,492.0
452.0,492.0
451.0,493.0
452.0,492.0
453.0,492.0
451.0,493.0
451.0,493.0
451.0,492.0
453.0,491.0
451.0,493.0
451.0,493.0
452.0,492.0
454.0,492.0
451.0,494.0
450.0,493.0
451.0,492.0
454.0,492.0
451.0,494.0
450.0,492.0
452.0,492.0
452.0,493.0
451.0,494.0
451.0,492.0
452.0,492.0
452.0,492.0
451.0,494.0
452.0,493.0
453.0,492.0
451.0,493.0
450.0,492.0
451.0,490.0
453.0,490.0
451.0,491.0
450.0,493.0
451.0,491.0
453.0,491.0
451.0,493.0
450.0,493.0
452.0,492.0
453.0,492.0
451.0,493.0
450.0,493.0
452.0,492.0
453.0,493.0
450.0,494.0
451.0,493.0
452.0,492.0
451.0,493.0
450.0,494.0
451.0,493.0
452.0,493.0
451.0,494.0
450.0,494.0
451.0,492.0
451.0,492.0
451.0,494.0
449.0,494.0
451.0,493.0
452.0,492.0
450.0,494.0
450.0,494.0
451.0,493.0
453.0,493.0
450.0,494.0
449.0,494.0
452.0,492.0
452.0,493.0
450.0,494.0
450.0,492.0
452.0,492.0
451.0,493.0
450.0,494.0
451.0,493.0
452.0,492.0
451.0,493.0
450.0,494.0
451.0,493.0
452.0,493.0
451.0,493.0
450.0,494.0
451.0,493.0
452.0,492.0
451.0,493.0
450.0,493.0
451.0,493.0
452.0,492.0
451.0,494.0
449.0,494.0
451.0,492.0
453.0,493.0
450.0,494.0
449.0,493.0
452.0,492.0
455.0,494.0
450.0,494.0
450.0,492.0
452.0,492.0
451.0,493.0
449.0,494.0
451.0,492.0
452.0,492.0
451.0,493.0
449.0,494.0
451.0,493.0
451.0,492.0
451.0,493.0
450.0,493.0
451.0,492.0
452.0,492.0
451.0,493.0
449.0,493.0
451.0,492.0
453.0,492.0
450.0,493.0
448.0,494.0
451.0,492.0
452.0,493.0
449.0,494.0
450.0,493.0
452.0,492.0
451.0,493.0
450.0,494.0
450.0,492.0
451.0,492.0
451.0,493.0
449.0,494.0
451.0,493.0
451.0,492.0
450.0,493.0
450.0,494.0
451.0,493.0
451.0,492.0
450.0,493.0
449.0,494.0
450.0,493.0
452.0,493.0
450.0,494.0
449.0,493.0
451.0,492.0
452.0,493.0
450.0,494.0
449.0,492.0
451.0,492.0
451.0,493.0
449.0,495.0
450.0,492.0
452.0,493.0
451.0,493.0
449.0,493.0
451.0,490.0
451.0,490.0
451.0,492.0
450.0,492.0
451.0,492.0
451.0,492.0
450.0,493.0
449.0,493.0
451.0,492.0
452.0,492.0
450.0,494.0
448.0,494.0
451.0,493.0
453.0,493.0
450.0,494.0
449.0,493.0
451.0,492.0
451.0,493.0
450.0,492.0
450.0,493.0
452.0,492.0
451.0,493.0
449.0,494.0
451.0,493.0
452.0,492.0
451.0,493.0
449.0,494.0
451.0,492.0
451.0,493.0
451.0,493.0
449.0,494.0
451.0,493.0
451.0,493.0
451.0,494.0
449.0,494.0
450.0,492.0
453.0,493.0
451.0,494.0
449.0,493.0
451.0,492.0
453.0,494.0
450.0,496.0
450.0,493.0
451.0,492.0
451.0,494.0
449.0,494.0
450.0,496.0
452.0,500.0
451.0,496.0
450.0,492.0
451.0,490.0
451.0,491.0
451.0,493.0
450.0,493.0
451.0,492.0
452.0,491.0
451.0,493.0
450.0,496.0
451.0,494.0
453.0,492.0
451.0,493.0
449.0,500.0
451.0,498.0
453.0,494.0
450.0,491.0
450.0,490.0
452.0,502.0
452.0,504.0
450.0,493.0
450.0,485.0
452.0,489.0
452.0,493.0
450.0,493.0
451.0,492.0
451.0,492.0
451.0,492.0
450.0,494.0
451.0,497.0
453.0,506.0
451.0,500.0
450.0,488.0
451.0,487.0
452.0,493.0
451.0,503.0
449.0,495.0
452.0,485.0
453.0,489.0
451.0,493.0
450.0,493.0
452.0,492.0
453.0,492.0
450.0,495.0
450.0,497.0
452.0,493.0
452.0,491.0
450.0,492.0
451.0,498.0
452.0,505.0
451.0,499.0
450.0,492.0
451.0,493.0
452.0,501.0
451.0,504.0
450.0,491.0
451.0,489.0
452.0,497.0
451.0,499.0
450.0,496.0
451.0,489.0
453.0,490.0
450.0,497.0
450.0,500.0
451.0,493.0
452.0,488.0
450.0,491.0
449.0,490.0
451.0,507.0
451.0,511.0
449.0,489.0
450.0,480.0
451.0,487.0
451.0,502.0
449.0,505.0
450.0,490.0
451.0,484.0
451.0,494.0
450.0,506.0
451.0,496.0
452.0,487.0
451.0,493.0
450.0,490.0
452.0,489.0
454.0,490.0
452.0,493.0
451.0,494.0
452.0,494.0
454.0,493.0
449.0,493.0
448.0,492.0
449.0,496.0
449.0,500.0
444.0,496.0
443.0,491.0
446.0,492.0
444.0,494.0
442.0,495.0
444.0,494.0
446.0,496.0
446.0,496.0
446.0,495.0
450.0,495.0
450.0,499.0
450.0,493.0
450.0,491.0
453.0,491.0
453.0,493.0
451.0,497.0
450.0,497.0
452.0,493.0
453.0,493.0
450.0,493.0
449.0,492.0
452.0,494.0
452.0,495.0
449.0,494.0
451.0,492.0
454.0,493.0
452.0,495.0
450.0,496.0
451.0,495.0
452.0,493.0
451.0,494.0
449.0,493.0
451.0,495.0
451.0,493.0
449.0,492.0
448.0,495.0
451.0,493.0
451.0,491.0
449.0,494.0
449.0,493.0
451.0,494.0
452.0,496.0
450.0,494.0
450.0,492.0
452.0,492.0
453.0,497.0
450.0,494.0
451.0,494.0
454.0,492.0
453.0,496.0
451.0,496.0
452.0,493.0
454.0,493.0
453.0,493.0
451.0,494.0
452.0,495.0
453.0,495.0
451.0,493.0
451.0,494.0
452.0,495.0
453.0,494.0
451.0,494.0
451.0,492.0
453.0,495.0
453.0,494.0
451.0,493.0
449.0,493.0
452.0,495.0
453.0,492.0
450.0,496.0
449.0,492.0
451.0,491.0
452.0,493.0
449.0,493.0
450.0,492.0
452.0,492.0
451.0,494.0
449.0,495.0
451.0,493.0
452.0,494.0
451.0,493.0
450.0,493.0
452.0,492.0
452.0,492.0
451.0,494.0
451.0,495.0
452.0,493.0
452.0,493.0
451.0,494.0
448.0,498.0
452.0,492.0
453.0,492.0
451.0,493.0
450.0,492.0
452.0,492.0
452.0,493.0
450.0,494.0
450.0,493.0
451.0,492.0
451.0,493.0
449.0,495.0
450.0,493.0
451.0,491.0
450.0,492.0
449.0,493.0
451.0,492.0
452.0,492.0
450.0,494.0
450.0,494.0
452.0,494.0
452.0,492.0
451.0,492.0
451.0,493.0
452.0,494.0
453.0,491.0
451.0,492.0
451.0,491.0
453.0,490.0
453.0,493.0
451.0,493.0
452.0,492.0
454.0,493.0
453.0,494.0
451.0,494.0
452.0,493.0
454.0,493.0
452.0,493.0
450.0,496.0
451.0,493.0
453.0,491.0
451.0,494.0
451.0,496.0
452.0,493.0
452.0,492.0
451.0,492.0
450.0,494.0
453.0,493.0
452.0,493.0
451.0,494.0
451.0,495.0
452.0,492.0
453.0,494.0
451.0,494.0
450.0,492.0
453.0,493.0
453.0,495.0
450.0,492.0
451.0,493.0
453.0,492.0
451.0,493.0
450.0,493.0
451.0,493.0
453.0,494.0
451.0,493.0
450.0,495.0
451.0,493.0
452.0,492.0
450.0,494.0
450.0,495.0
451.0,491.0
451.0,491.0
450.0,492.0
450.0,493.0
452.0,492.0
452.0,494.0
450.0,493.0
449.0,491.0
452.0,492.0
452.0,494.0
449.0,495.0
449.0,493.0
452.0,492.0
451.0,493.0
449.0,495.0
451.0,492.0
452.0,494.0
451.0,491.0
449.0,491.0
451.0,492.0
452.0,492.0
450.0,493.0
450.0,493.0
451.0,493.0
452.0,493.0
450.0,493.0
450.0,493.0
452.0,493.0
452.0,492.0
450.0,494.0
449.0,493.0
452.0,491.0
452.0,494.0
450.0,494.0
449.0,491.0
452.0,492.0
451.0,492.0
449.0,492.0
451.0,492.0
452.0,491.0
451.0,494.0
450.0,494.0
451.0,492.0
453.0,492.0
451.0,493.0
451.0,492.0
452.0,492.0
452.0,493.0
451.0,493.0
451.0,492.0
452.0,493.0
452.0,493.0
451.0,493.0
450.0,491.0
452.0,490.0
453.0,493.0
450.0,493.0
450.0,491.0
452.0,494.0
452.0,495.0
450.0,491.0
451.0,490.0
453.0,491.0
452.0,493.0
450.0,493.0
451.0,492.0
453.0,493.0
451.0,494.0
451.0,493.0
452.0,492.0
452.0,491.0
451.0,493.0
451.0,493.0
452.0,491.0
452.0,489.0
451.0,492.0
451.0,493.0
452.0,492.0
452.0,492.0
451.0,494.0
449.0,492.0
452.0,493.0
452.0,496.0
450.0,493.0
450.0,492.0
452.0,493.0
451.0,492.0
449.0,492.0
451.0,492.0
452.0,492.0
451.0,493.0
450.0,495.0
451.0,492.0
452.0,492.0
451.0,493.0
450.0,493.0
452.0,492.0
452.0,492.0
451.0,495.0
450.0,494.0
452.0,492.0
452.0,493.0
450.0,493.0
450.0,492.0
452.0,492.0
452.0,493.0
450.0,494.0
449.0,493.0
452.0,492.0
452.0,493.0
449.0,494.0
450.0,492.0
452.0,492.0
451.0,493.0
450.0,494.0
451.0,492.0
452.0,492.0
451.0,493.0
450.0,494.0
451.0,493.0
452.0,493.0
451.0,494.0
450.0,495.0
452.0,492.0
452.0,491.0
450.0,493.0
449.0,492.0
452.0,492.0
452.0,495.0
450.0,494.0
450.0,492.0
452.0,492.0
452.0,492.0
449.0,493.0
451.0,494.0
452.0,492.0
451.0,492.0
449.0,495.0
451.0,491.0
452.0,492.0
451.0,493.0
450.0,493.0
450.0,492.0
451.0,492.0
450.0,493.0
450.0,493.0
451.0,494.0
452.0,494.0
450.0,492.0
451.0,493.0
452.0,492.0
452.0,494.0
450.0,494.0
450.0,492.0
452.0,492.0
452.0,493.0
450.0,496.0
450.0,494.0
452.0,492.0
452.0,492.0
450.0,493.0
451.0,493.0
453.0,493.0
451.0,492.0
450.0,493.0
451.0,493.0
453.0,493.0
451.0,494.0
450.0,493.0
452.0,493.0
451.0,493.0
450.0,492.0
449.0,494.0
451.0,494.0
451.0,493.0
450.0,494.0
449.0,492.0
451.0,492.0
452.0,495.0
450.0,493.0
449.0,492.0
452.0,493.0
452.0,494.0
449.0,493.0
450.0,492.0
452.0,491.0
451.0,492.0
449.0,492.0
451.0,492.0
451.0,491.0
451.0,493.0
449.0,494.0
451.0,492.0
451.0,492.0
450.0,494.0
449.0,494.0
451.0,492.0
452.0,492.0
450.0,495.0
450.0,493.0
452.0,492.0
452.0,493.0
450.0,494.0
449.0,493.0
452.0,493.0
452.0,494.0
450.0,493.0
450.0,493.0
452.0,493.0
451.0,493.0
449.0,493.0
451.0,494.0
452.0,494.0
451.0,493.0
449.0,496.0
451.0,494.0
452.0,493.0
450.0,493.0
449.0,495.0
451.0,495.0
452.0,490.0
450.0,492.0
450.0,493.0
452.0,492.0
452.0,495.0
450.0,494.0
449.0,492.0
452.0,491.0
452.0,495.0
450.0,494.0
449.0,493.0
452.0,493.0
452.0,494.0
449.0,493.0
451.0,492.0
452.0,494.0
451.0,497.0
450.0,491.0
451.0,491.0
452.0,493.0
450.0,493.0
450.0,493.0
451.0,492.0
452.0,493.0
451.0,493.0
450.0,493.0
452.0,492.0
452.0,494.0
451.0,496.0
450.0,493.0
452.0,492.0
453.0,494.0
453.0,492.0
449.0,493.0
452.0,492.0
453.0,493.0
450.0,493.0
450.0,492.0
453.0,492.0
451.0,493.0
450.0,494.0
451.0,492.0
452.0,494.0
451.0,494.0
450.0,493.0
451.0,492.0
452.0,492.0
450.0,495.0
450.0,496.0
452.0,491.0
451.0,493.0
450.0,493.0
450.0,493.0
452.0,492.0
452.0,494.0
451.0,493.0
450.0,492.0
452.0,492.0
453.0,493.0
451.0,494.0
450.0,494.0
453.0,492.0
452.0,494.0
450.0,493.0
451.0,493.0
452.0,493.0
451.0,493.0
449.0,493.0
451.0,493.0
452.0,492.0
451.0,495.0
450.0,493.0
452.0,494.0
452.0,496.0
451.0,491.0
451.0,492.0
452.0,493.0
452.0,494.0
451.0,493.0
450.0,492.0
452.0,492.0
453.0,493.0
450.0,493.0
450.0,492.0
452.0,491.0
453.0,493.0
450.0,494.0
451.0,493.0
453.0,491.0
451.0,494.0
450.0,492.0
451.0,492.0
452.0,492.0
451.0,496.0
450.0,494.0
451.0,492.0
453.0,493.0
451.0,495.0
451.0,494.0
452.0,493.0
453.0,492.0
451.0,495.0
451.0,493.0
452.0,491.0
453.0,494.0
451.0,496.0
450.0,493.0
452.0,492.0
453.0,494.0
450.0,494.0
450.0,492.0
452.0,493.0
452.0,495.0
450.0,495.0
451.0,493.0
452.0,493.0
451.0,492.0
450.0,493.0
451.0,493.0
452.0,493.0
451.0,494.0
450.0,493.0
451.0,494.0
453.0,494.0
451.0,493.0
450.0,493.0
452.0,493.0
453.0,496.0
451.0,493.0
449.0,492.0
452.0,493.0
454.0,494.0
451.0,493.0
450.0,493.0
452.0,493.0
452.0,493.0
449.0,493.0
450.0,492.0
452.0,495.0
451.0,493.0
450.0,493.0
451.0,492.0
453.0,493.0
451.0,494.0
450.0,494.0
451.0,493.0
452.0,491.0
451.0,493.0
450.0,492.0
452.0,492.0
452.0,494.0
451.0,493.0
450.0,493.0
451.0,493.0
453.0,495.0
451.0,493.0
450.0,492.0
452.0,493.0
452.0,493.0
449.0,492.0
451.0,493.0
452.0,492.0
452.0,494.0
450.0,494.0
451.0,492.0
452.0,493.0
451.0,492.0
450.0,493.0
451.0,494.0
452.0,492.0
451.0,494.0
450.0,493.0
451.0,491.0
451.0,493.0
451.0,494.0
450.0,493.0
452.0,493.0
452.0,493.0
450.0,493.0
450.0,493.0
452.0,493.0
453.0,493.0
450.0,493.0
450.0,493.0
453.0,493.0
452.0,493.0
450.0,494.0
451.0,491.0
452.0,492.0
451.0,494.0
450.0,493.0
451.0,492.0
452.0,493.0
451.0,493.0
449.0,495.0
451.0,491.0
452.0,492.0
450.0,493.0
450.0,493.0
451.0,491.0
452.0,493.0
450.0,495.0
449.0,492.0
452.0,493.0
453.0,495.0
450.0,493.0
449.0,491.0
452.0,491.0
452.0,491.0
450.0,493.0
451.0,489.0
452.0,491.0
451.0,492.0
450.0,492.0
451.0,491.0
452.0,492.0
451.0,493.0
449.0,493.0
451.0,492.0
452.0,493.0
451.0,494.0
450.0,493.0
451.0,491.0
452.0,493.0
450.0,493.0
449.0,493.0
451.0,493.0
452.0,492.0
450.0,493.0
449.0,493.0
452.0,492.0
452.0,493.0
449.0,493.0
450.0,493.0
452.0,493.0
452.0,493.0
450.0,493.0
451.0,492.0
452.0,492.0
451.0,493.0
450.0,493.0
451.0,492.0
452.0,493.0
451.0,493.0
450.0,492.0
452.0,492.0
452.0,493.0
450.0,494.0
450.0,493.0
451.0,492.0
453.0,492.0
451.0,493.0
450.0,492.0
452.0,493.0
453.0,493.0
450.0,492.0
450.0,492.0
452.0,495.0
452.0,493.0
450.0,491.0
451.0,494.0
452.0,493.0
451.0,492.0
450.0,494.0
451.0,492.0
452.0,493.0
451.0,493.0
450.0,493.0
452.0,493.0
452.0,493.0
451.0,492.0
450.0,492.0
452.0,492.0
453.0,495.0
451.0,496.0
450.0,491.0
452.0,491.0
453.0,492.0
451.0,493.0
450.0,493.0
452.0,492.0
453.0,493.0
450.0,494.0
450.0,492.0
453.0,493.0
452.0,494.0
451.0,495.0
451.0,492.0
453.0,492.0
452.0,493.0
451.0,493.0
452.0,492.0
453.0,493.0
451.0,496.0
451.0,492.0
453.0,491.0
453.0,495.0
451.0,494.0
451.0,490.0
452.0,493.0
453.0,493.0
452.0,493.0
450.0,492.0
452.0,493.0
453.0,494.0
450.0,492.0
450.0,492.0
453.0,493.0
452.0,494.0
451.0,495.0
451.0,491.0
453.0,492.0
452.0,495.0
450.0,493.0
451.0,491.0
452.0,491.0
451.0,493.0
450.0,494.0
451.0,492.0
452.0,494.0
451.0,494.0
450.0,493.0
452.0,492.0
452.0,493.0
451.0,493.0
450.0,493.0
452.0,492.0
453.0,493.0
451.0,494.0
450.0,491.0
453.0,491.0
452.0,490.0
450.0,492.0
451.0,492.0
452.0,491.0
454.0,493.0
449.0,495.0
451.0,493.0
452.0,492.0
451.0,493.0
450.0,493.0
452.0,493.0
452.0,494.0
451.0,495.0
451.0,493.0
452.0,493.0
452.0,494.0
451.0,495.0
450.0,493.0
452.0,492.0
453.0,494.0
451.0,494.0
450.0,492.0
453.0,494.0
453.0,493.0
450.0,493.0
451.0,495.0
453.0,495.0
452.0,493.0
451.0,494.0
451.0,494.0
453.0,492.0
451.0,493.0
450.0,496.0
452.0,493.0
452.0,494.0
451.0,494.0
451.0,493.0
452.0,493.0
453.0,494.0
451.0,494.0
451.0,492.0
452.0,493.0
453.0,494.0
451.0,495.0
450.0,493.0
452.0,491.0
453.0,493.0
451.0,495.0
451.0,493.0
453.0,492.0
452.0,492.0
451.0,493.0
451.0,493.0
453.0,493.0
452.0,493.0
451.0,494.0
451.0,491.0
453.0,492.0
451.0,493.0
450.0,494.0
452.0,493.0
452.0,495.0
451.0,495.0
451.0,492.0
452.0,493.0
452.0,493.0
451.0,492.0
450.0,493.0
452.0,493.0
454.0,495.0
451.0,493.0
450.0,492.0
453.0,492.0
452.0,494.0
450.0,495.0
451.0,493.0
452.0,492.0
451.0,492.0
450.0,493.0
452.0,492.0
452.0,493.0
451.0,496.0
450.0,492.0
452.0,493.0
453.0,493.0
451.0,494.0
451.0,493.0
452.0,491.0
452.0,494.0
451.0,494.0
450.0,492.0
452.0,493.0
453.0,493.0
451.0,493.0
450.0,493.0
453.0,493.0
453.0,492.0
450.0,492.0
450.0,492.0
453.0,493.0
452.0,494.0
450.0,494.0
451.0,491.0
452.0,491.0
451.0,494.0
450.0,493.0
451.0,491.0
452.0,492.0
452.0,494.0
451.0,492.0
452.0,492.0
453.0,491.0
451.0,493.0
451.0,494.0
453.0,493.0
453.0,493.0
451.0,491.0
450.0,491.0
452.0,491.0
453.0,492.0
451.0,493.0
450.0,490.0
453.0,492.0
452.0,493.0
451.0,494.0
451.0,492.0
453.0,492.0
451.0,493.0
450.0,491.0
451.0,492.0
452.0,493.0
451.0,493.0
450.0,492.0
452.0,492.0
452.0,495.0
451.0,494.0
450.0,493.0
452.0,494.0
452.0,493.0
451.0,493.0
449.0,491.0
452.0,493.0
452.0,493.0
451.0,493.0
449.0,493.0
453.0,493.0
453.0,493.0
450.0,495.0
451.0,493.0
452.0,492.0
451.0,493.0
450.0,494.0
451.0,493.0
452.0,493.0
451.0,493.0
450.0,492.0
451.0,493.0
452.0,494.0
451.0,494.0
450.0,494.0
451.0,492.0
452.0,492.0
451.0,492.0
450.0,493.0
452.0,493.0
453.0,495.0
450.0,494.0
449.0,492.0
452.0,491.0
452.0,494.0
450.0,494.0
451.0,492.0
452.0,494.0
452.0,493.0
450.0,493.0
451.0,492.0
452.0,492.0
451.0,492.0
450.0,493.0
451.0,493.0
452.0,493.0
451.0,493.0
450.0,492.0
452.0,492.0
452.0,493.0
451.0,493.0
450.0,492.0
451.0,493.0
452.0,494.0
450.0,494.0
449.0,494.0
452.0,492.0
452.0,492.0
450.0,493.0
449.0,492.0
452.0,492.0
451.0,493.0
450.0,495.0
450.0,493.0
452.0,491.0
451.0,493.0
450.0,493.0
451.0,491.0
452.0,492.0
451.0,495.0
449.0,492.0
451.0,491.0
452.0,493.0
451.0,493.0
450.0,493.0
451.0,493.0
452.0,493.0
450.0,493.0
450.0,493.0
452.0,492.0
453.0,494.0
451.0,493.0
449.0,491.0
451.0,493.0
452.0,494.0
449.0,494.0
450.0,492.0
452.0,492.0
451.0,495.0
449.0,493.0
451.0,492.0
453.0,493.0
451.0,494.0
450.0,493.0
451.0,494.0
452.0,494.0
451.0,493.0
450.0,490.0
451.0,491.0
452.0,492.0
451.0,495.0
450.0,490.0
452.0,490.0
453.0,493.0
450.0,493.0
449.0,493.0
452.0,493.0
453.0,493.0
450.0,494.0
450.0,493.0
452.0,492.0
451.0,495.0
449.0,493.0
450.0,493.0
452.0,493.0
451.0,495.0
449.0,495.0
451.0,493.0
452.0,493.0
451.0,493.0
450.0,491.0
450.0,491.0
452.0,494.0
450.0,494.0
450.0,491.0
451.0,492.0
452.0,493.0
450.0,493.0
449.0,492.0
451.0,493.0
452.0,495.0
450.0,493.0
449.0,496.0
452.0,494.0
452.0,495.0
449.0,493.0
450.0,491.0
452.0,492.0
451.0,493.0
449.0,493.0
451.0,492.0
452.0,493.0
451.0,494.0
449.0,493.0
451.0,491.0
452.0,494.0
451.0,494.0
450.0,491.0
451.0,492.0
452.0,493.0
450.0,493.0
450.0,492.0
451.0,492.0
453.0,493.0
451.0,493.0
449.0,494.0
452.0,493.0
452.0,492.0
450.0,493.0
450.0,493.0
452.0,493.0
451.0,493.0
449.0,494.0
451.0,492.0
452.0,493.0
451.0,493.0
450.0,493.0
451.0,492.0
452.0,494.0
451.0,495.0
449.0,492.0
451.0,492.0
452.0,493.0
450.0,493.0
450.0,493.0
451.0,495.0
452.0,494.0
450.0,493.0
449.0,492.0
451.0,494.0
453.0,493.0
450.0,494.0
449.0,493.0
451.0,493.0
452.0,492.0
449.0,493.0
450.0,494.0
452.0,492.0
451.0,492.0
449.0,494.0
451.0,494.0
452.0,493.0
451.0,493.0
449.0,492.0
451.0,493.0
452.0,493.0
450.0,494.0
450.0,492.0
451.0,494.0
452.0,495.0
450.0,493.0
449.0,492.0
451.0,492.0
452.0,493.0
450.0,495.0
449.0,493.0
452.0,492.0
452.0,493.0
449.0,494.0
450.0,492.0
452.0,492.0
451.0,492.0
449.0,495.0
450.0,494.0
452.0,492.0
451.0,493.0
449.0,492.0
451.0,490.0
452.0,491.0
451.0,492.0
450.0,492.0
451.0,490.0
452.0,493.0
450.0,492.0
450.0,492.0
451.0,495.0
452.0,496.0
451.0,493.0
449.0,491.0
452.0,492.0
452.0,494.0
450.0,495.0
450.0,493.0
452.0,492.0
451.0,493.0
449.0,494.0
450.0,493.0
452.0,493.0
451.0,493.0
449.0,492.0
450.0,493.0
451.0,494.0
450.0,496.0
449.0,494.0
451.0,492.0
451.0,496.0
450.0,495.0
449.0,491.0
451.0,493.0
451.0,494.0
450.0,493.0
448.0,492.0
451.0,493.0
452.0,494.0
450.0,494.0
449.0,492.0
451.0,493.0
451.0,494.0
449.0,494.0
449.0,494.0
451.0,493.0
451.0,493.0
448.0,494.0
450.0,492.0
452.0,495.0
450.0,495.0
449.0,492.0
451.0,491.0
451.0,494.0
450.0,494.0
449.0,494.0
451.0,493.0
451.0,493.0
450.0,492.0
450.0,493.0
452.0,492.0
452.0,494.0
450.0,493.0
449.0,492.0
452.0,494.0
452.0,493.0
449.0,494.0
450.0,492.0
452.0,493.0
451.0,494.0
449.0,493.0
450.0,493.0
452.0,494.0
451.0,494.0
449.0,492.0
451.0,492.0
452.0,495.0
450.0,494.0
450.0,492.0
451.0,493.0
452.0,495.0
451.0,493.0
450.0,493.0
451.0,493.0
452.0,493.0
451.0,492.0
449.0,493.0
452.0,493.0
453.0,494.0
450.0,493.0
450.0,492.0
453.0,493.0
452.0,495.0
450.0,495.0
451.0,491.0
452.0,491.0
451.0,495.0
450.0,494.0
451.0,494.0
452.0,491.0
451.0,493.0
450.0,491.0
451.0,493.0
452.0,496.0
451.0,493.0
450.0,492.0
452.0,492.0
452.0,492.0
451.0,493.0
450.0,493.0
452.0,493.0
453.0,493.0
451.0,496.0
449.0,493.0
452.0,490.0
452.0,493.0
450.0,493.0
451.0,492.0
452.0,493.0
451.0,494.0
450.0,493.0
451.0,492.0
452.0,495.0
451.0,494.0
450.0,492.0
451.0,487.0
452.0,491.0
451.0,493.0
450.0,492.0
451.0,491.0
451.0,492.0
451.0,492.0
450.0,493.0
452.0,492.0
452.0,492.0
451.0,493.0
449.0,493.0
452.0,493.0
453.0,492.0
450.0,492.0
450.0,493.0
453.0,493.0
451.0,495.0
450.0,495.0
450.0,491.0
452.0,493.0
451.0,493.0
450.0,491.0
451.0,493.0
452.0,496.0
451.0,493.0
450.0,493.0
452.0,492.0
452.0,492.0
451.0,493.0
450.0,492.0
452.0,491.0
452.0,493.0
451.0,495.0
450.0,493.0
452.0,493.0
453.0,493.0
450.0,492.0
449.0,492.0
452.0,495.0
452.0,494.0
450.0,492.0
450.0,492.0
452.0,492.0
451.0,494.0
450.0,493.0
451.0,492.0
452.0,495.0
451.0,495.0
449.0,491.0
451.0,490.0
452.0,494.0
451.0,493.0
450.0,491.0
451.0,491.0
452.0,492.0
451.0,493.0
449.0,493.0
452.0,494.0
452.0,492.0
450.0,493.0
449.0,491.0
452.0,492.0
453.0,492.0
450.0,494.0
450.0,492.0
452.0,492.0
451.0,494.0
450.0,494.0
451.0,490.0
452.0,493.0
451.0,493.0
450.0,491.0
451.0,492.0
452.0,493.0
451.0,491.0
450.0,492.0
451.0,493.0
452.0,493.0
451.0,493.0
450.0,493.0
451.0,494.0
452.0,492.0
450.0,492.0
449.0,493.0
451.0,491.0
452.0,493.0
450.0,494.0
449.0,490.0
451.0,493.0
452.0,493.0
449.0,493.0
450.0,493.0
451.0,492.0
451.0,493.0
449.0,490.0
451.0,492.0
451.0,495.0
450.0,495.0
449.0,491.0
451.0,492.0
451.0,493.0
450.0,494.0
450.0,494.0
451.0,492.0
451.0,492.0
450.0,493.0
448.0,492.0
451.0,493.0
452.0,494.0
449.0,494.0
449.0,494.0
451.0,493.0
452.0,493.0
449.0,494.0
450.0,493.0
452.0,494.0
451.0,493.0
449.0,491.0
450.0,492.0
452.0,493.0
451.0,492.0
450.0,491.0
451.0,493.0
451.0,495.0
451.0,492.0
449.0,491.0
452.0,493.0
452.0,493.0
450.0,493.0
450.0,493.0
451.0,493.0
453.0,493.0
450.0,494.0
451.0,493.0
452.0,493.0
453.0,495.0
449.0,494.0
450.0,491.0
452.0,493.0
451.0,494.0
450.0,492.0
450.0,493.0
452.0,494.0
451.0,495.0
450.0,493.0
451.0,492.0
452.0,493.0
450.0,492.0
449.0,492.0
451.0,494.0
451.0,493.0
450.0,492.0
449.0,493.0
451.0,493.0
451.0,493.0
449.0,495.0
449.0,493.0
451.0,493.0
452.0,493.0
450.0,493.0
449.0,493.0
452.0,493.0
452.0,493.0
450.0,494.0
450.0,494.0
452.0,494.0
451.0,496.0
449.0,492.0
451.0,491.0
452.0,493.0
451.0,494.0
450.0,493.0
451.0,492.0
452.0,492.0
451.0,493.0
450.0,494.0
451.0,493.0
452.0,493.0
451.0,493.0
450.0,495.0
451.0,493.0
453.0,492.0
450.0,494.0
450.0,495.0
452.0,492.0
453.0,493.0
450.0,492.0
450.0,493.0
452.0,493.0
451.0,493.0
450.0,493.0
451.0,493.0
452.0,493.0
451.0,494.0
450.0,492.0
451.0,492.0
452.0,493.0
451.0,493.0
450.0,493.0
451.0,494.0
452.0,495.0
451.0,498.0
450.0,493.0
451.0,490.0
452.0,494.0
450.0,494.0
449.0,493.0
451.0,493.0
452.0,492.0
450.0,493.0
449.0,493.0
453.0,493.0
451.0,494.0
450.0,492.0
451.0,492.0
452.0,494.0
451.0,494.0
450.0,492.0
451.0,493.0
452.0,494.0
451.0,494.0
450.0,493.0
451.0,491.0
452.0,494.0
450.0,494.0
450.0,493.0
451.0,491.0
452.0,493.0
450.0,493.0
449.0,492.0
452.0,494.0
452.0,495.0
450.0,493.0
449.0,490.0
453.0,492.0
452.0,494.0
450.0,492.0
451.0,490.0
452.0,490.0
451.0,492.0
450.0,491.0
451.0,490.0
453.0,493.0
451.0,493.0
450.0,491.0
451.0,492.0
451.0,493.0
451.0,495.0
450.0,493.0
451.0,494.0
452.0,491.0
450.0,493.0
450.0,493.0
452.0,492.0
452.0,492.0
450.0,493.0
449.0,493.0
452.0,493.0
452.0,493.0
450.0,493.0
450.0,492.0
452.0,492.0
451.0,493.0
449.0,493.0
451.0,491.0
452.0,493.0
451.0,494.0
449.0,491.0
451.0,493.0
452.0,496.0
450.0,492.0
449.0,492.0
451.0,493.0
452.0,492.0
450.0,493.0
450.0,492.0
451.0,492.0
452.0,495.0
450.0,493.0
449.0,491.0
451.0,492.0
452.0,493.0
450.0,492.0
449.0,492.0
452.0,494.0
452.0,493.0
449.0,490.0
450.0,492.0
452.0,494.0
451.0,494.0
449.0,493.0
451.0,495.0
452.0,493.0
451.0,492.0
450.0,490.0
451.0,493.0
452.0,495.0
451.0,493.0
450.0,491.0
452.0,493.0
452.0,493.0
451.0,494.0
450.0,492.0
452.0,492.0
453.0,493.0
451.0,493.0
450.0,495.0
452.0,493.0
452.0,492.0
450.0,493.0
451.0,492.0
452.0,494.0
452.0,495.0
450.0,492.0
451.0,493.0
452.0,494.0
451.0,492.0
450.0,493.0
451.0,492.0
452.0,493.0
451.0,493.0
451.0,495.0
452.0,491.0
452.0,491.0
451.0,494.0
450.0,493.0
452.0,492.0
453.0,492.0
451.0,495.0
450.0,492.0
452.0,490.0
453.0,493.0
450.0,495.0
449.0,494.0
453.0,494.0
452.0,493.0
450.0,491.0
450.0,491.0
453.0,494.0
451.0,495.0
449.0,491.0
451.0,491.0
452.0,493.0
451.0,498.0
450.0,492.0
451.0,490.0
452.0,492.0
451.0,495.0
450.0,494.0
452.0,492.0
452.0,491.0
451.0,492.0
450.0,491.0
452.0,489.0
452.0,493.0
450.0,492.0
449.0,491.0
452.0,491.0
452.0,493.0
450.0,498.0
450.0,489.0
452.0,492.0
451.0,493.0
450.0,495.0
451.0,491.0
452.0,491.0
451.0,493.0
450.0,492.0
451.0,493.0
452.0,493.0
451.0,493.0
450.0,494.0
451.0,493.0
451.0,493.0
450.0,494.0
450.0,491.0
451.0,493.0
452.0,493.0
450.0,493.0
449.0,493.0
451.0,493.0
453.0,493.0
449.0,494.0
449.0,492.0
452.0,495.0
451.0,493.0
450.0,490.0
450.0,493.0
452.0,493.0
451.0,493.0
450.0,492.0
451.0,493.0
452.0,495.0
451.0,494.0
450.0,491.0
451.0,492.0
452.0,493.0
450.0,494.0
450.0,492.0
452.0,491.0
452.0,492.0
450.0,493.0
449.0,494.0
451.0,492.0
452.0,493.0
450.0,495.0
449.0,491.0
453.0,492.0
452.0,496.0
450.0,493.0
450.0,490.0
452.0,493.0
451.0,495.0
449.0,494.0
451.0,495.0
452.0,492.0
451.0,491.0
450.0,492.0
451.0,493.0
452.0,493.0
450.0,493.0
449.0,493.0
451.0,492.0
452.0,493.0
450.0,496.0
450.0,493.0
452.0,490.0
452.0,493.0
450.0,495.0
449.0,493.0
452.0,493.0
452.0,493.0
450.0,491.0
450.0,493.0
452.0,495.0
451.0,495.0
450.0,493.0
451.0,492.0
452.0,495.0
451.0,493.0
450.0,493.0
451.0,494.0
452.0,493.0
451.0,492.0
450.0,492.0
451.0,493.0
452.0,493.0
450.0,493.0
450.0,493.0
451.0,492.0
452.0,493.0
450.0,493.0
449.0,493.0
451.0,495.0
453.0,494.0
449.0,492.0
449.0,492.0
452.0,495.0
451.0,493.0
449.0,492.0
450.0,493.0
452.0,495.0
451.0,495.0
449.0,493.0
451.0,493.0
453.0,493.0
451.0,493.0
450.0,492.0
451.0,491.0
452.0,492.0
451.0,491.0
450.0,491.0
452.0,493.0
452.0,494.0
447.0,494.0
450.0,493.0
452.0,492.0
453.0,497.0
451.0,494.0
449.0,491.0
453.0,495.0
452.0,496.0
450.0,493.0
450.0,491.0
452.0,494.0
451.0,493.0
450.0,491.0
451.0,495.0
452.0,495.0
451.0,492.0
449.0,491.0
451.0,492.0
451.0,493.0
450.0,494.0
450.0,495.0
451.0,493.0
451.0,493.0
450.0,493.0
450.0,493.0
451.0,492.0
452.0,495.0
450.0,494.0
449.0,493.0
452.0,493.0
452.0,494.0
450.0,493.0
450.0,493.0
452.0,495.0
451.0,493.0
450.0,492.0
450.0,495.0
452.0,495.0
451.0,495.0
450.0,491.0
451.0,492.0
452.0,493.0
450.0,494.0
449.0,495.0
451.0,493.0
451.0,491.0
450.0,493.0
450.0,492.0
451.0,493.0
452.0,497.0
449.0,494.0
449.0,491.0
452.0,494.0
452.0,493.0
449.0,493.0
449.0,492.0
452.0,494.0
451.0,494.0
449.0,491.0
450.0,492.0
451.0,495.0
451.0,494.0
449.0,491.0
450.0,493.0
452.0,493.0
450.0,492.0
449.0,493.0
451.0,492.0
451.0,493.0
450.0,494.0
449.0,493.0
451.0,492.0
451.0,492.0
450.0,493.0
449.0,492.0
451.0,492.0
451.0,494.0
449.0,493.0
449.0,492.0
451.0,493.0
451.0,493.0
449.0,493.0
449.0,493.0
451.0,493.0
451.0,493.0
448.0,493.0
450.0,491.0
452.0,492.0
451.0,494.0
449.0,493.0
451.0,490.0
451.0,492.0
450.0,493.0
449.0,493.0
451.0,493.0
450.0,492.0
449.0,492.0
449.0,496.0
450.0,492.0
451.0,490.0
449.0,492.0
448.0,492.0
451.0,494.0
452.0,492.0
450.0,491.0
449.0,491.0
452.0,493.0
450.0,493.0
449.0,490.0
450.0,490.0
451.0,491.0
451.0,491.0
449.0,491.0
451.0,491.0
452.0,491.0
450.0,492.0
449.0,492.0
451.0,493.0
451.0,493.0
451.0,492.0
450.0,492.0
451.0,493.0
452.0,493.0
450.0,493.0
449.0,492.0
451.0,493.0
452.0,495.0
450.0,490.0
449.0,490.0
452.0,493.0
452.0,493.0
449.0,491.0
450.0,492.0
452.0,493.0
451.0,494.0
449.0,493.0
451.0,490.0
452.0,492.0
451.0,493.0
449.0,492.0
451.0,492.0
451.0,493.0
450.0,495.0
450.0,494.0
451.0,492.0
451.0,491.0
450.0,492.0
450.0,492.0
451.0,492.0
452.0,492.0
450.0,494.0
449.0,494.0
451.0,493.0
452.0,492.0
449.0,491.0
450.0,491.0
451.0,494.0
451.0,495.0
449.0,493.0
451.0,491.0
452.0,490.0
451.0,493.0
450.0,494.0
451.0,493.0
452.0,493.0
450.0,492.0
450.0,495.0
451.0,492.0
452.0,490.0
450.0,491.0
449.0,492.0
452.0,492.0
452.0,493.0
450.0,492.0
449.0,493.0
451.0,495.0
452.0,493.0
449.0,492.0
449.0,493.0
452.0,494.0
451.0,492.0
450.0,491.0
450.0,492.0
452.0,493.0
451.0,492.0
449.0,491.0
451.0,491.0
452.0,492.0
451.0,493.0
450.0,492.0
451.0,492.0
452.0,492.0
451.0,493.0
450.0,492.0
451.0,492.0
452.0,493.0
450.0,493.0
449.0,492.0
451.0,492.0
453.0,493.0
450.0,492.0
449.0,492.0
453.0,493.0
454.0,493.0
451.0,491.0
452.0,492.0
454.0,493.0
453.0,493.0
451.0,492.0
453.0,492.0
455.0,493.0
453.0,493.0
451.0,492.0
453.0,492.0
454.0,493.0
453.0,493.0
451.0,492.0
451.0,492.0
452.0,493.0
449.0,493.0
448.0,493.0
450.0,493.0
450.0,492.0
448.0,492.0
448.0,492.0
450.0,493.0
452.0,492.0
450.0,487.0
450.0,488.0
453.0,493.0
453.0,491.0
451.0,488.0
452.0,490.0
456.0,494.0
456.0,493.0
453.0,488.0
453.0,489.0
453.0,491.0
451.0,492.0
449.0,491.0
450.0,491.0
451.0,491.0
449.0,491.0
448.0,490.0
450.0,490.0
450.0,491.0
449.0,491.0
448.0,490.0
451.0,491.0
452.0,492.0
450.0,490.0
449.0,489.0
452.0,492.0
453.0,492.0
451.0,488.0
452.0,489.0
454.0,492.0
453.0,491.0
451.0,489.0
451.0,489.0
452.0,491.0
451.0,491.0
449.0,489.0
450.0,489.0
452.0,491.0
450.0,490.0
448.0,489.0
451.0,489.0
451.0,491.0
450.0,491.0
448.0,489.0
451.0,490.0
452.0,491.0
450.0,490.0
447.0,488.0
451.0,489.0
451.0,491.0
448.0,490.0
445.0,490.0
450.0,491.0
451.0,491.0
448.0,490.0
449.0,489.0
451.0,490.0
450.0,490.0
448.0,486.0
450.0,485.0
451.0,485.0
450.0,485.0
449.0,483.0
450.0,484.0
451.0,486.0
450.0,486.0
449.0,482.0
451.0,486.0
451.0,488.0
450.0,488.0
448.0,488.0
450.0,491.0
452.0,492.0
450.0,490.0
449.0,490.0
452.0,493.0
452.0,493.0
451.0,492.0
450.0,490.0
452.0,492.0
451.0,492.0
450.0,491.0
450.0,491.0
451.0,493.0
451.0,493.0
449.0,491.0
451.0,491.0
451.0,492.0
451.0,492.0
450.0,490.0
451.0,489.0
452.0,491.0
451.0,491.0
449.0,489.0
451.0,491.0
452.0,493.0
450.0,490.0
448.0,490.0
451.0,493.0
452.0,492.0
450.0,490.0
449.0,491.0
451.0,492.0
451.0,493.0
449.0,492.0
450.0,491.0
452.0,492.0
451.0,494.0
450.0,492.0
451.0,492.0
452.0,493.0
451.0,494.0
450.0,492.0
451.0,492.0
452.0,492.0
451.0,491.0
450.0,489.0
451.0,490.0
453.0,492.0
451.0,490.0
449.0,490.0
451.0,492.0
453.0,493.0
451.0,492.0
450.0,491.0
452.0,490.0
452.0,490.0
450.0,489.0
450.0,488.0
452.0,490.0
452.0,491.0
450.0,489.0
451.0,489.0
452.0,491.0
451.0,492.0
450.0,492.0
452.0,491.0
452.0,492.0
451.0,493.0
450.0,492.0
451.0,492.0
452.0,493.0
451.0,493.0
449.0,492.0
451.0,496.0
454.0,494.0
451.0,492.0
450.0,492.0
452.0,494.0
453.0,494.0
450.0,494.0
451.0,492.0
452.0,493.0
451.0,495.0
450.0,493.0
450.0,492.0
452.0,493.0
451.0,495.0
450.0,493.0
451.0,492.0
451.0,493.0
451.0,494.0
450.0,492.0
451.0,492.0
452.0,494.0
451.0,494.0
449.0,492.0
451.0,493.0
452.0,494.0
450.0,492.0
448.0,492.0
451.0,493.0
452.0,495.0
449.0,493.0
449.0,492.0
451.0,493.0
451.0,494.0
449.0,492.0
449.0,492.0
451.0,494.0
451.0,494.0
449.0,492.0
451.0,492.0
451.0,493.0
450.0,494.0
449.0,492.0
451.0,492.0
451.0,494.0
450.0,494.0
449.0,492.0
451.0,492.0
452.0,494.0
451.0,493.0
448.0,491.0
451.0,494.0
453.0,494.0
450.0,492.0
448.0,491.0
452.0,493.0
452.0,493.0
450.0,492.0
450.0,492.0
452.0,493.0
451.0,493.0
450.0,491.0
451.0,491.0
452.0,493.0
451.0,493.0
450.0,491.0
451.0,491.0
452.0,493.0
450.0,493.0
450.0,491.0
451.0,491.0
451.0,493.0
451.0,492.0
449.0,491.0
451.0,493.0
453.0,493.0
451.0,491.0
450.0,491.0
452.0,493.0
453.0,493.0
450.0,492.0
450.0,490.0
451.0,490.0
452.0,491.0
449.0,489.0
450.0,489.0
452.0,491.0
451.0,492.0
449.0,491.0
451.0,490.0
452.0,492.0
451.0,492.0
450.0,491.0
451.0,491.0
451.0,493.0
451.0,492.0
450.0,491.0
451.0,491.0
452.0,492.0
450.0,491.0
448.0,490.0
451.0,492.0
452.0,493.0
449.0,491.0
449.0,491.0
451.0,492.0
451.0,493.0
449.0,492.0
450.0,491.0
451.0,492.0
451.0,492.0
449.0,491.0
450.0,491.0
451.0,493.0
451.0,493.0
450.0,492.0
451.0,491.0
452.0,492.0
451.0,493.0
450.0,491.0
451.0,491.0
451.0,493.0
450.0,492.0
449.0,491.0
451.0,492.0
453.0,493.0
451.0,492.0
449.0,491.0
451.0,492.0
453.0,493.0
450.0,492.0
450.0,491.0
452.0,492.0
451.0,493.0
450.0,492.0
450.0,492.0
452.0,492.0
451.0,493.0
450.0,492.0
451.0,492.0
452.0,494.0
450.0,494.0
450.0,492.0
451.0,493.0
452.0,494.0
451.0,492.0
449.0,492.0
451.0,493.0
453.0,494.0
451.0,493.0
449.0,492.0
451.0,493.0
453.0,494.0
450.0,493.0
449.0,492.0
452.0,493.0
451.0,493.0
450.0,492.0
450.0,492.0
452.0,493.0
451.0,494.0
450.0,492.0
451.0,492.0
452.0,493.0
451.0,494.0
450.0,492.0
451.0,492.0
452.0,494.0
451.0,493.0
450.0,492.0
451.0,493.0
453.0,494.0
451.0,493.0
449.0,492.0
452.0,493.0
453.0,495.0
450.0,493.0
449.0,492.0
451.0,493.0
452.0,494.0
449.0,493.0
450.0,492.0
451.0,493.0
451.0,494.0
449.0,492.0
450.0,492.0
452.0,493.0
451.0,494.0
450.0,492.0
450.0,492.0
452.0,494.0
451.0,492.0
450.0,490.0
451.0,491.0
452.0,493.0
451.0,492.0
450.0,491.0
451.0,493.0
453.0,494.0
451.0,491.0
450.0,492.0
451.0,493.0
453.0,494.0
450.0,493.0
450.0,492.0
452.0,493.0
452.0,494.0
450.0,492.0
451.0,492.0
452.0,493.0
452.0,493.0
450.0,492.0
451.0,492.0
452.0,493.0
451.0,494.0
450.0,492.0
451.0,493.0
453.0,494.0
451.0,493.0
450.0,492.0
451.0,494.0
453.0,495.0
451.0,493.0
449.0,493.0
451.0,495.0
452.0,494.0
450.0,493.0
449.0,492.0
451.0,493.0
451.0,494.0
450.0,492.0
450.0,492.0
452.0,493.0
452.0,494.0
450.0,493.0
451.0,492.0
452.0,493.0
451.0,494.0
450.0,493.0
451.0,492.0
452.0,494.0
451.0,494.0
450.0,492.0
451.0,493.0
452.0,494.0
451.0,492.0
449.0,492.0
452.0,493.0
453.0,494.0
451.0,492.0
449.0,492.0
452.0,493.0
453.0,494.0
451.0,493.0
450.0,492.0
452.0,493.0
452.0,494.0
450.0,493.0
451.0,492.0
453.0,493.0
451.0,493.0
450.0,492.0
451.0,492.0
452.0,493.0
451.0,493.0
450.0,491.0
451.0,493.0
452.0,494.0
451.0,492.0
450.0,492.0
451.0,493.0
453.0,494.0
451.0,492.0
449.0,492.0
451.0,494.0
452.0,494.0
450.0,493.0
449.0,492.0
452.0,494.0
452.0,494.0
450.0,492.0
450.0,492.0
452.0,493.0
451.0,494.0
450.0,493.0
451.0,492.0
452.0,494.0
451.0,494.0
449.0,492.0
451.0,493.0
451.0,495.0
450.0,493.0
449.0,492.0
451.0,494.0
452.0,494.0
451.0,492.0
449.0,492.0
451.0,494.0
453.0,494.0
450.0,492.0
449.0,493.0
452.0,493.0
452.0,493.0
450.0,491.0
450.0,490.0
452.0,492.0
452.0,493.0
450.0,491.0
451.0,492.0
452.0,493.0
451.0,494.0
449.0,492.0
451.0,493.0
452.0,494.0
451.0,494.0
450.0,492.0
451.0,494.0
452.0,495.0
451.0,493.0
449.0,492.0
451.0,494.0
453.0,495.0
451.0,492.0
449.0,492.0
451.0,493.0
452.0,494.0
450.0,492.0
449.0,492.0
452.0,494.0
451.0,494.0
449.0,492.0
450.0,493.0
452.0,494.0
451.0,494.0
450.0,492.0
452.0,492.0
452.0,494.0
451.0,494.0
449.0,492.0
451.0,493.0
452.0,494.0
451.0,492.0
450.0,492.0
451.0,493.0
453.0,494.0
450.0,492.0
448.0,492.0
451.0,493.0
453.0,494.0
451.0,492.0
449.0,492.0
452.0,493.0
452.0,494.0
449.0,492.0
450.0,491.0
452.0,493.0
451.0,493.0
449.0,492.0
451.0,492.0
452.0,493.0
451.0,493.0
449.0,492.0
451.0,492.0
452.0,494.0
451.0,493.0
450.0,491.0
451.0,493.0
452.0,494.0
450.0,491.0
448.0,491.0
451.0,493.0
452.0,493.0
450.0,491.0
448.0,491.0
451.0,493.0
452.0,493.0
449.0,492.0
449.0,491.0
452.0,493.0
451.0,493.0
450.0,492.0
450.0,491.0
452.0,493.0
451.0,493.0
450.0,491.0
451.0,491.0
452.0,493.0
451.0,493.0
450.0,491.0
451.0,493.0
452.0,492.0
451.0,492.0
450.0,491.0
451.0,493.0
453.0,493.0
450.0,491.0
449.0,492.0
451.0,493.0
453.0,493.0
450.0,492.0
449.0,492.0
452.0,493.0
451.0,493.0
450.0,492.0
450.0,491.0
451.0,493.0
451.0,493.0
449.0,492.0
450.0,492.0
452.0,493.0
451.0,493.0
450.0,492.0
451.0,492.0
452.0,493.0
451.0,492.0
450.0,492.0
451.0,493.0
452.0,493.0
451.0,490.0
449.0,489.0
451.0,491.0
453.0,492.0
450.0,491.0
449.0,491.0
452.0,492.0
452.0,493.0
450.0,492.0
450.0,491.0
452.0,493.0
451.0,493.0
450.0,492.0
450.0,492.0
451.0,493.0
451.0,493.0
449.0,492.0
451.0,492.0
451.0,493.0
450.0,493.0
449.0,491.0
451.0,493.0
451.0,494.0
451.0,492.0
449.0,491.0
450.0,494.0
453.0,493.0
451.0,492.0
449.0,492.0
451.0,493.0
450.0,494.0
450.0,493.0
449.0,492.0
451.0,493.0
452.0,493.0
449.0,492.0
450.0,492.0
452.0,493.0
451.0,494.0
450.0,492.0
451.0,492.0
452.0,493.0
451.0,493.0
450.0,492.0
451.0,493.0
452.0,493.0
451.0,492.0
450.0,492.0
451.0,493.0
452.0,493.0
451.0,492.0
449.0,492.0
451.0,493.0
452.0,494.0
450.0,493.0
449.0,492.0
452.0,493.0
452.0,493.0
450.0,492.0
450.0,492.0
452.0,493.0
452.0,494.0
450.0,493.0
451.0,492.0
452.0,493.0
451.0,493.0
450.0,492.0
451.0,492.0
452.0,494.0
451.0,492.0
450.0,492.0
452.0,493.0
453.0,494.0
451.0,492.0
450.0,492.0
452.0,493.0
454.0,493.0
451.0,493.0
450.0,492.0
452.0,493.0
453.0,493.0
450.0,492.0
450.0,492.0
452.0,493.0
452.0,494.0
450.0,492.0
451.0,492.0
453.0,493.0
451.0,493.0
451.0,492.0
451.0,492.0
452.0,493.0
451.0,493.0
450.0,491.0
451.0,493.0
452.0,494.0
451.0,492.0
450.0,491.0
451.0,494.0
452.0,493.0
450.0,492.0
449.0,492.0
451.0,492.0
453.0,493.0
450.0,492.0
449.0,491.0
452.0,492.0
452.0,493.0
450.0,491.0
450.0,491.0
452.0,492.0
451.0,493.0
450.0,491.0
451.0,491.0
452.0,493.0
451.0,493.0
450.0,491.0
451.0,492.0
452.0,493.0
451.0,492.0
450.0,490.0
451.0,493.0
453.0,493.0
452.0,491.0
450.0,491.0
452.0,493.0
453.0,493.0
451.0,492.0
450.0,491.0
452.0,491.0
453.0,491.0
451.0,490.0
450.0,490.0
452.0,492.0
452.0,493.0
450.0,491.0
451.0,491.0
452.0,493.0
451.0,493.0
451.0,491.0
451.0,492.0
453.0,493.0
451.0,492.0
451.0,491.0
452.0,493.0
453.0,493.0
451.0,492.0
451.0,491.0
453.0,493.0
453.0,494.0
451.0,492.0
450.0,491.0
452.0,493.0
454.0,493.0
451.0,492.0
451.0,491.0
453.0,493.0
453.0,493.0
451.0,492.0
451.0,491.0
453.0,493.0
452.0,493.0
451.0,491.0
451.0,492.0
453.0,493.0
451.0,493.0
450.0,491.0
451.0,493.0
452.0,494.0
451.0,492.0
450.0,491.0
452.0,493.0
452.0,494.0
451.0,492.0
450.0,492.0
451.0,493.0
453.0,493.0
451.0,493.0
449.0,491.0
452.0,493.0
452.0,493.0
450.0,492.0
450.0,491.0
452.0,493.0
451.0,493.0
450.0,492.0
451.0,492.0
452.0,493.0
451.0,493.0
450.0,492.0
451.0,493.0
452.0,494.0
451.0,493.0
450.0,492.0
451.0,493.0
452.0,493.0
451.0,492.0
450.0,492.0
451.0,493.0
453.0,493.0
451.0,492.0
450.0,492.0
451.0,493.0
453.0,493.0
450.0,492.0
450.0,492.0
452.0,493.0
451.0,494.0
450.0,492.0
450.0,492.0
452.0,493.0
451.0,494.0
449.0,492.0
451.0,493.0
452.0,494.0
451.0,492.0
450.0,491.0
451.0,493.0
452.0,494.0
451.0,491.0
450.0,492.0
451.0,493.0
452.0,494.0
451.0,493.0
449.0,491.0
451.0,493.0
452.0,493.0
450.0,493.0
450.0,492.0
452.0,493.0
452.0,493.0
450.0,492.0
450.0,492.0
452.0,493.0
452.0,493.0
450.0,492.0
454.0,492.0
451.0,494.0
451.0,493.0
450.0,492.0
451.0,493.0
452.0,494.0
451.0,493.0
450.0,492.0
451.0,493.0
452.0,493.0
451.0,493.0
449.0,492.0
451.0,493.0
453.0,493.0
451.0,491.0
449.0,490.0
451.0,492.0
453.0,493.0
450.0,491.0
450.0,491.0
452.0,493.0
452.0,493.0
450.0,492.0
451.0,492.0
452.0,494.0
451.0,493.0
449.0,492.0
451.0,493.0
452.0,494.0
451.0,493.0
450.0,492.0
451.0,493.0
452.0,494.0
451.0,492.0
450.0,492.0
451.0,493.0
453.0,494.0
451.0,493.0
449.0,492.0
451.0,493.0
452.0,493.0
450.0,492.0
449.0,492.0
452.0,493.0
451.0,494.0
450.0,492.0
450.0,492.0
452.0,493.0
451.0,493.0
450.0,492.0
451.0,492.0
452.0,493.0
451.0,492.0
449.0,491.0
451.0,494.0
451.0,493.0
451.0,492.0
450.0,491.0
451.0,494.0
452.0,493.0
451.0,492.0
448.0,491.0
451.0,493.0
453.0,493.0
450.0,491.0
449.0,491.0
452.0,493.0
453.0,493.0
449.0,492.0
450.0,491.0
451.0,494.0
451.0,493.0
449.0,491.0
450.0,492.0
452.0,493.0
451.0,493.0
449.0,490.0
451.0,493.0
452.0,494.0
451.0,491.0
450.0,491.0
451.0,494.0
452.0,493.0
450.0,492.0
449.0,491.0
451.0,493.0
452.0,493.0
450.0,491.0
448.0,491.0
451.0,493.0
453.0,493.0
450.0,492.0
449.0,492.0
451.0,493.0
452.0,493.0
449.0,491.0
450.0,492.0
452.0,493.0
451.0,493.0
450.0,491.0
450.0,492.0
452.0,493.0
451.0,491.0
449.0,491.0
451.0,493.0
452.0,493.0
450.0,491.0
450.0,491.0
451.0,493.0
452.0,493.0
450.0,492.0
449.0,491.0
451.0,493.0
453.0,493.0
450.0,491.0
449.0,491.0
452.0,493.0
452.0,493.0
449.0,491.0
450.0,491.0
452.0,493.0
451.0,493.0
449.0,491.0
450.0,492.0
452.0,493.0
451.0,491.0
449.0,491.0
451.0,493.0
452.0,494.0
451.0,492.0
449.0,490.0
451.0,492.0
452.0,491.0
451.0,490.0
449.0,489.0
451.0,493.0
452.0,493.0
451.0,491.0
448.0,491.0
451.0,493.0
453.0,493.0
450.0,491.0
449.0,492.0
452.0,493.0
451.0,493.0
449.0,491.0
450.0,492.0
451.0,493.0
451.0,493.0
449.0,491.0
450.0,493.0
451.0,493.0
450.0,492.0
449.0,491.0
451.0,493.0
451.0,493.0
450.0,491.0
449.0,491.0
451.0,493.0
452.0,493.0
450.0,492.0
449.0,492.0
450.0,493.0
453.0,493.0
450.0,491.0
449.0,491.0
452.0,493.0
452.0,493.0
450.0,491.0
450.0,491.0
452.0,493.0
452.0,493.0
449.0,491.0
451.0,493.0
453.0,493.0
451.0,492.0
450.0,490.0
451.0,493.0
453.0,494.0
451.0,492.0
450.0,491.0
451.0,493.0
452.0,494.0
451.0,492.0
449.0,492.0
452.0,493.0
454.0,494.0
451.0,492.0
450.0,492.0
452.0,494.0
452.0,493.0
450.0,492.0
450.0,492.0
452.0,494.0
452.0,494.0
450.0,492.0
451.0,493.0
452.0,494.0
451.0,492.0
449.0,492.0
451.0,493.0
452.0,495.0
450.0,492.0
450.0,492.0
451.0,494.0
452.0,494.0
451.0,492.0
450.0,492.0
452.0,494.0
453.0,494.0
451.0,492.0
449.0,492.0
452.0,494.0
454.0,494.0
450.0,492.0
449.0,492.0
452.0,494.0
452.0,494.0
450.0,492.0
450.0,493.0
452.0,495.0
452.0,493.0
450.0,492.0
451.0,493.0
452.0,495.0
451.0,493.0
449.0,492.0
451.0,495.0
452.0,495.0
451.0,493.0
450.0,492.0
451.0,493.0
452.0,494.0
451.0,492.0
449.0,492.0
451.0,494.0
453.0,494.0
451.0,492.0
449.0,492.0
452.0,493.0
452.0,494.0
450.0,492.0
450.0,492.0
452.0,493.0
452.0,493.0
450.0,492.0
450.0,493.0
452.0,494.0
451.0,492.0
450.0,489.0
451.0,493.0
452.0,494.0
451.0,492.0
450.0,491.0
451.0,491.0
452.0,492.0
451.0,491.0
450.0,490.0
452.0,493.0
453.0,493.0
451.0,491.0
449.0,492.0
452.0,493.0
453.0,494.0
450.0,492.0
450.0,492.0
453.0,493.0
452.0,493.0
450.0,492.0
451.0,492.0
452.0,494.0
452.0,493.0
450.0,492.0
451.0,494.0
452.0,495.0
451.0,493.0
450.0,492.0
451.0,494.0
452.0,494.0
451.0,493.0
450.0,492.0
451.0,494.0
452.0,494.0
450.0,492.0
449.0,492.0
451.0,494.0
453.0,494.0
451.0,492.0
449.0,492.0
452.0,493.0
452.0,494.0
450.0,492.0
450.0,492.0
452.0,494.0
451.0,493.0
449.0,492.0
451.0,493.0
452.0,495.0
451.0,492.0
449.0,491.0
451.0,493.0
452.0,494.0
451.0,493.0
450.0,492.0
451.0,494.0
452.0,494.0
451.0,493.0
449.0,492.0
451.0,494.0
453.0,494.0
450.0,492.0
448.0,492.0
451.0,493.0
453.0,494.0
450.0,492.0
449.0,493.0
452.0,494.0
452.0,493.0
449.0,492.0
450.0,493.0
453.0,494.0
451.0,493.0
450.0,492.0
451.0,494.0
452.0,495.0
451.0,492.0
450.0,492.0
451.0,494.0
452.0,494.0
451.0,492.0
450.0,492.0
452.0,493.0
453.0,494.0
451.0,492.0
449.0,492.0
451.0,494.0
453.0,494.0
450.0,492.0
449.0,492.0
452.0,494.0
452.0,494.0
450.0,492.0
450.0,493.0
452.0,495.0
452.0,493.0
449.0,492.0
451.0,494.0
452.0,495.0
451.0,491.0
450.0,492.0
451.0,494.0
452.0,494.0
451.0,493.0
450.0,492.0
451.0,494.0
452.0,494.0
451.0,492.0
449.0,492.0
452.0,494.0
453.0,494.0
451.0,493.0
450.0,492.0
452.0,494.0
453.0,494.0
449.0,492.0
450.0,493.0
452.0,495.0
452.0,493.0
450.0,492.0
450.0,493.0
452.0,495.0
451.0,492.0
450.0,492.0
451.0,494.0
452.0,495.0
451.0,493.0
450.0,493.0
451.0,493.0
452.0,493.0
451.0,490.0
450.0,490.0
451.0,492.0
452.0,492.0
451.0,492.0
448.0,492.0
452.0,493.0
453.0,493.0
450.0,492.0
449.0,492.0
452.0,494.0
452.0,494.0
450.0,492.0
450.0,493.0
452.0,494.0
451.0,492.0
450.0,492.0
451.0,493.0
452.0,494.0
451.0,492.0
449.0,492.0
451.0,494.0
452.0,494.0
451.0,492.0
450.0,492.0
451.0,494.0
452.0,494.0
450.0,492.0
449.0,491.0
452.0,494.0
453.0,494.0
450.0,492.0
449.0,492.0
452.0,495.0
453.0,494.0
450.0,492.0
450.0,492.0
452.0,494.0
451.0,493.0
450.0,492.0
451.0,493.0
453.0,495.0
451.0,493.0
450.0,492.0
451.0,494.0
452.0,494.0
451.0,492.0
450.0,492.0
451.0,493.0
452.0,494.0
451.0,493.0
450.0,492.0
451.0,493.0
453.0,494.0
451.0,493.0
449.0,493.0
451.0,494.0
454.0,494.0
450.0,492.0
449.0,493.0
452.0,494.0
452.0,493.0
449.0,492.0
450.0,493.0
452.0,494.0
451.0,492.0
450.0,492.0
450.0,493.0
452.0,494.0
451.0,492.0
450.0,492.0
451.0,493.0
452.0,494.0
451.0,492.0
450.0,492.0
453.0,493.0
452.0,493.0
451.0,492.0
449.0,492.0
451.0,493.0
453.0,493.0
450.0,491.0
449.0,492.0
452.0,493.0
453.0,493.0
449.0,491.0
450.0,492.0
451.0,494.0
451.0,492.0
449.0,491.0
450.0,494.0
452.0,494.0
451.0,492.0
449.0,491.0
451.0,493.0
452.0,493.0
450.0,492.0
449.0,491.0
451.0,493.0
451.0,494.0
450.0,492.0
449.0,492.0
451.0,493.0
452.0,493.0
450.0,492.0
449.0,492.0
451.0,493.0
452.0,493.0
450.0,491.0
449.0,492.0
451.0,493.0
451.0,492.0
450.0,491.0
450.0,493.0
451.0,494.0
451.0,492.0
449.0,491.0
450.0,493.0
451.0,493.0
451.0,493.0
449.0,491.0
451.0,493.0
452.0,494.0
451.0,493.0
449.0,492.0
451.0,494.0
450.0,494.0
450.0,491.0
448.0,490.0
451.0,491.0
453.0,492.0
451.0,491.0
449.0,491.0
452.0,493.0
452.0,494.0
450.0,492.0
450.0,493.0
452.0,494.0
452.0,493.0
450.0,492.0
450.0,493.0
452.0,494.0
451.0,492.0
450.0,492.0
451.0,494.0
452.0,494.0
451.0,493.0
450.0,492.0
451.0,493.0
452.0,494.0
451.0,493.0
449.0,492.0
452.0,493.0
453.0,494.0
451.0,493.0
449.0,492.0
452.0,493.0
453.0,494.0
450.0,492.0
449.0,492.0
452.0,494.0
452.0,492.0
449.0,492.0
450.0,493.0
452.0,494.0
451.0,492.0
449.0,491.0
451.0,493.0
452.0,493.0
451.0,492.0
450.0,492.0
451.0,493.0
452.0,493.0
451.0,492.0
450.0,491.0
451.0,493.0
452.0,493.0
451.0,492.0
449.0,492.0
451.0,493.0
453.0,494.0
450.0,492.0
449.0,492.0
452.0,493.0
452.0,493.0
450.0,492.0
450.0,493.0
452.0,494.0
451.0,492.0
449.0,491.0
450.0,493.0
452.0,493.0
451.0,493.0
449.0,492.0
451.0,493.0
452.0,493.0
451.0,492.0
450.0,491.0
451.0,493.0
451.0,493.0
451.0,490.0
449.0,491.0
451.0,493.0
452.0,493.0
451.0,492.0
449.0,492.0
451.0,493.0
452.0,493.0
449.0,492.0
449.0,492.0
452.0,493.0
451.0,493.0
450.0,492.0
450.0,494.0
451.0,493.0
451.0,492.0
449.0,492.0
451.0,493.0
452.0,493.0
451.0,493.0
450.0,491.0
451.0,493.0
451.0,493.0
451.0,493.0
450.0,492.0
451.0,493.0
453.0,493.0
451.0,492.0
449.0,492.0
452.0,493.0
453.0,493.0
451.0,492.0
449.0,493.0
452.0,494.0
452.0,493.0
449.0,491.0
450.0,493.0
451.0,494.0
451.0,492.0
449.0,492.0
450.0,494.0
451.0,494.0
451.0,493.0
449.0,492.0
451.0,494.0
452.0,494.0
451.0,493.0
449.0,492.0
451.0,493.0
452.0,493.0
450.0,491.0
449.0,490.0
451.0,492.0
452.0,492.0
450.0,491.0
449.0,492.0
452.0,493.0
452.0,493.0
450.0,490.0
450.0,493.0
451.0,494.0
451.0,492.0
450.0,492.0
450.0,493.0
452.0,494.0
451.0,492.0
449.0,492.0
451.0,493.0
451.0,494.0
451.0,492.0
450.0,492.0
451.0,493.0
452.0,493.0
451.0,492.0
450.0,492.0
451.0,493.0
453.0,494.0
451.0,492.0
449.0,492.0
451.0,494.0
453.0,493.0
450.0,492.0
450.0,492.0
452.0,494.0
452.0,493.0
450.0,492.0
450.0,494.0
452.0,494.0
451.0,492.0
449.0,492.0
451.0,493.0
452.0,494.0
451.0,493.0
450.0,492.0
451.0,493.0
452.0,494.0
451.0,492.0
450.0,492.0
451.0,493.0
451.0,495.0
451.0,493.0
449.0,492.0
451.0,494.0
452.0,494.0
450.0,492.0
449.0,493.0
451.0,493.0
452.0,493.0
450.0,492.0
450.0,493.0
452.0,494.0
451.0,492.0
449.0,492.0
450.0,494.0
451.0,493.0
451.0,492.0
450.0,491.0
451.0,493.0
452.0,493.0
451.0,492.0
450.0,491.0
451.0,493.0
452.0,493.0
451.0,492.0
449.0,492.0
451.0,493.0
453.0,493.0
451.0,492.0
450.0,492.0
451.0,493.0
453.0,493.0
450.0,492.0
450.0,492.0
452.0,493.0
451.0,492.0
450.0,491.0
451.0,493.0
452.0,493.0
451.0,491.0
450.0,491.0
450.0,493.0
452.0,493.0
452.0,492.0
450.0,492.0
451.0,493.0
452.0,493.0
451.0,492.0
450.0,491.0
451.0,493.0
451.0,493.0
451.0,492.0
448.0,492.0
451.0,493.0
453.0,493.0
450.0,492.0
449.0,492.0
452.0,493.0
453.0,492.0
450.0,492.0
450.0,494.0
452.0,494.0
451.0,492.0
450.0,491.0
450.0,493.0
452.0,494.0
451.0,492.0
449.0,492.0
451.0,493.0
452.0,493.0
451.0,490.0
450.0,489.0
451.0,491.0
452.0,492.0
451.0,491.0
449.0,491.0
452.0,493.0
453.0,493.0
451.0,492.0
449.0,492.0
452.0,494.0
453.0,493.0
450.0,491.0
449.0,493.0
452.0,495.0
451.0,492.0
450.0,491.0
450.0,493.0
452.0,494.0
451.0,493.0
449.0,492.0
451.0,494.0
452.0,494.0
451.0,493.0
449.0,492.0
451.0,494.0
452.0,494.0
451.0,492.0
450.0,492.0
451.0,493.0
452.0,493.0
450.0,492.0
449.0,492.0
451.0,494.0
452.0,493.0
449.0,492.0
448.0,493.0
451.0,494.0
451.0,492.0
449.0,492.0
450.0,493.0
451.0,494.0
450.0,492.0
449.0,492.0
450.0,493.0
452.0,495.0
451.0,493.0
449.0,492.0
451.0,493.0
451.0,494.0
450.0,492.0
449.0,492.0
450.0,493.0
451.0,493.0
450.0,492.0
448.0,492.0
451.0,494.0
452.0,493.0
450.0,492.0
448.0,492.0
451.0,495.0
452.0,493.0
449.0,492.0
449.0,494.0
451.0,495.0
451.0,492.0
449.0,492.0
450.0,494.0
452.0,494.0
451.0,493.0
449.0,492.0
451.0,493.0
452.0,494.0
451.0,492.0
450.0,492.0
451.0,494.0
452.0,494.0
451.0,492.0
449.0,492.0
447.0,493.0
452.0,493.0
451.0,492.0
449.0,492.0
451.0,494.0
453.0,493.0
450.0,492.0
449.0,493.0
452.0,494.0
452.0,492.0
450.0,492.0
450.0,494.0
452.0,494.0
451.0,492.0
450.0,492.0
451.0,493.0
452.0,494.0
451.0,492.0
450.0,492.0
451.0,494.0
452.0,495.0
451.0,493.0
450.0,492.0
451.0,494.0
452.0,494.0
451.0,492.0
449.0,492.0
451.0,493.0
453.0,493.0
451.0,492.0
449.0,493.0
452.0,494.0
453.0,493.0
450.0,491.0
450.0,494.0
452.0,494.0
452.0,492.0
450.0,492.0
451.0,494.0
452.0,494.0
451.0,493.0
450.0,492.0
451.0,494.0
452.0,494.0
451.0,493.0
450.0,491.0
451.0,492.0
452.0,492.0
451.0,491.0
450.0,491.0
451.0,493.0
453.0,493.0
451.0,492.0
449.0,492.0
451.0,495.0
453.0,493.0
450.0,492.0
449.0,493.0
452.0,495.0
452.0,492.0
450.0,492.0
450.0,494.0
452.0,494.0
451.0,492.0
449.0,492.0
450.0,494.0
452.0,494.0
451.0,493.0
450.0,492.0
451.0,494.0
452.0,494.0
451.0,493.0
450.0,492.0
451.0,494.0
453.0,494.0
451.0,493.0
449.0,493.0
452.0,495.0
453.0,494.0
451.0,492.0
449.0,494.0
453.0,495.0
453.0,492.0
450.0,492.0
447.0,494.0
452.0,495.0
452.0,493.0
450.0,492.0
451.0,493.0
452.0,495.0
451.0,492.0
450.0,492.0
451.0,493.0
453.0,494.0
451.0,492.0
450.0,492.0
451.0,493.0
452.0,493.0
451.0,492.0
450.0,493.0
451.0,494.0
453.0,493.0
451.0,492.0
449.0,493.0
452.0,495.0
454.0,492.0
450.0,492.0
450.0,493.0
452.0,495.0
452.0,491.0
450.0,492.0
450.0,493.0
452.0,494.0
451.0,492.0
450.0,492.0
451.0,494.0
