450.0,493.0
450.0,492.0
451.0,492.0
450.0,491.0
450.0,493.0
450.0,491.0
450.0,492.0
450.0,492.0
449.0,492.0
449.0,492.0
449.0,492.0
449.0,492.0
452.0,492.0
453.0,493.0
452.0,495.0
450.0,493.0
452.0,492.0
452.0,494.0
451.0,494.0
450.0,492.0
452.0,492.0
454.0,493.0
453.0,494.0
448.0,492.0
451.0,492.0
453.0,494.0
450.0,493.0
449.0,490.0
452.0,490.0
452.0,492.0
450.0,493.0
450.0,491.0
451.0,491.0
452.0,494.0
450.0,493.0
451.0,492.0
452.0,493.0
451.0,495.0
450.0,493.0
451.0,491.0
451.0,493.0
450.0,495.0
449.0,492.0
451.0,492.0
452.0,494.0
450.0,494.0
448.0,492.0
451.0,493.0
452.0,494.0
451.0,494.0
447.0,492.0
451.0,492.0
452.0,494.0
449.0,494.0
449.0,492.0
452.0,492.0
451.0,494.0
450.0,493.0
450.0,491.0
452.0,493.0
451.0,494.0
449.0,493.0
451.0,492.0
452.0,494.0
451.0,494.0
449.0,492.0
451.0,492.0
452.0,494.0
451.0,494.0
449.0,492.0
451.0,492.0
452.0,494.0
450.0,493.0
448.0,491.0
451.0,492.0
453.0,493.0
449.0,493.0
450.0,492.0
452.0,492.0
452.0,494.0
449.0,493.0
450.0,491.0
452.0,492.0
451.0,494.0
449.0,493.0
450.0,492.0
452.0,494.0
451.0,494.0
449.0,491.0
451.0,492.0
452.0,494.0
451.0,493.0
449.0,492.0
451.0,492.0
453.0,493.0
450.0,494.0
449.0,492.0
451.0,492.0
453.0,494.0
450.0,493.0
449.0,492.0
452.0,492.0
452.0,493.0
449.0,493.0
450.0,492.0
452.0,492.0
452.0,494.0
450.0,493.0
450.0,491.0
453.0,493.0
451.0,494.0
449.0,492.0
451.0,491.0
452.0,494.0
451.0,494.0
450.0,492.0
451.0,491.0
453.0,493.0
451.0,493.0
449.0,491.0
451.0,492.0
454.0,493.0
451.0,493.0
449.0,492.0
452.0,492.0
453.0,493.0
450.0,494.0
450.0,492.0
453.0,492.0
452.0,493.0
450.0,493.0
450.0,491.0
452.0,492.0
451.0,494.0
450.0,492.0
451.0,492.0
452.0,493.0
451.0,494.0
450.0,492.0
451.0,492.0
452.0,494.0
451.0,494.0
449.0,491.0
451.0,491.0
453.0,492.0
451.0,492.0
449.0,490.0
451.0,491.0
453.0,493.0
450.0,493.0
450.0,491.0
452.0,492.0
452.0,494.0
450.0,493.0
450.0,495.0
453.0,493.0
452.0,494.0
450.0,493.0
451.0,492.0
453.0,494.0
451.0,494.0
450.0,492.0
451.0,492.0
452.0,494.0
451.0,494.0
450.0,492.0
451.0,492.0
453.0,494.0
451.0,494.0
450.0,492.0
451.0,492.0
454.0,494.0
451.0,494.0
449.0,492.0
453.0,493.0
454.0,494.0
450.0,493.0
451.0,492.0
452.0,493.0
452.0,495.0
450.0,493.0
451.0,492.0
453.0,493.0
452.0,495.0
450.0,493.0
450.0,492.0
453.0,495.0
452.0,494.0
450.0,492.0
451.0,492.0
453.0,495.0
451.0,494.0
449.0,492.0
452.0,492.0
454.0,493.0
451.0,494.0
448.0,492.0
452.0,492.0
452.0,493.0
450.0,494.0
450.0,492.0
452.0,493.0
452.0,495.0
450.0,493.0
450.0,492.0
453.0,493.0
451.0,495.0
450.0,492.0
452.0,492.0
452.0,494.0
451.0,495.0
450.0,492.0
451.0,492.0
452.0,494.0
451.0,494.0
449.0,492.0
451.0,492.0
453.0,494.0
451.0,494.0
449.0,492.0
452.0,492.0
453.0,493.0
450.0,493.0
450.0,491.0
453.0,492.0
453.0,494.0
450.0,493.0
450.0,492.0
453.0,493.0
452.0,494.0
450.0,492.0
451.0,491.0
452.0,494.0
451.0,495.0
450.0,492.0
451.0,492.0
452.0,494.0
451.0,494.0
449.0,492.0
451.0,492.0
453.0,494.0
450.0,493.0
448.0,492.0
451.0,492.0
453.0,493.0
450.0,493.0
449.0,492.0
451.0,492.0
451.0,494.0
449.0,493.0
449.0,492.0
451.0,493.0
451.0,494.0
449.0,493.0
450.0,492.0
451.0,493.0
451.0,495.0
449.0,492.0
450.0,492.0
451.0,493.0
451.0,493.0
449.0,490.0
451.0,490.0
452.0,492.0
450.0,493.0
448.0,491.0
451.0,492.0
453.0,494.0
450.0,494.0
448.0,492.0
451.0,492.0
452.0,494.0
449.0,494.0
449.0,492.0
451.0,493.0
452.0,494.0
449.0,493.0
450.0,492.0
451.0,493.0
451.0,494.0
449.0,492.0
451.0,492.0
452.0,493.0
451.0,494.0
449.0,492.0
451.0,492.0
452.0,494.0
450.0,494.0
448.0,492.0
451.0,492.0
453.0,494.0
450.0,494.0
448.0,492.0
451.0,492.0
452.0,493.0
449.0,493.0
450.0,492.0
452.0,493.0
452.0,494.0
450.0,494.0
450.0,492.0
452.0,493.0
451.0,494.0
449.0,492.0
451.0,492.0
453.0,493.0
451.0,494.0
450.0,491.0
451.0,492.0
452.0,493.0
451.0,493.0
450.0,492.0
452.0,492.0
453.0,493.0
451.0,493.0
449.0,492.0
452.0,492.0
454.0,493.0
451.0,493.0
450.0,492.0
453.0,492.0
453.0,494.0
450.0,493.0
450.0,492.0
453.0,493.0
452.0,495.0
450.0,492.0
451.0,492.0
453.0,494.0
451.0,494.0
450.0,491.0
452.0,492.0
453.0,494.0
451.0,494.0
451.0,493.0
451.0,492.0
453.0,493.0
451.0,494.0
449.0,492.0
452.0,492.0
454.0,493.0
451.0,493.0
449.0,492.0
453.0,492.0
453.0,494.0
451.0,493.0
450.0,492.0
453.0,492.0
453.0,494.0
450.0,493.0
451.0,491.0
453.0,493.0
452.0,494.0
450.0,492.0
451.0,491.0
453.0,494.0
451.0,493.0
450.0,492.0
451.0,492.0
453.0,494.0
452.0,494.0
450.0,492.0
452.0,492.0
454.0,493.0
451.0,493.0
449.0,492.0
452.0,492.0
454.0,493.0
450.0,493.0
450.0,492.0
452.0,492.0
453.0,494.0
451.0,493.0
451.0,491.0
453.0,493.0
452.0,494.0
450.0,493.0
451.0,491.0
453.0,493.0
452.0,492.0
450.0,489.0
451.0,490.0
452.0,493.0
451.0,493.0
450.0,491.0
451.0,491.0
454.0,493.0
451.0,494.0
448.0,492.0
452.0,492.0
454.0,494.0
451.0,493.0
449.0,492.0
452.0,492.0
453.0,494.0
450.0,494.0
450.0,492.0
453.0,493.0
452.0,494.0
450.0,492.0
450.0,492.0
452.0,493.0
451.0,495.0
449.0,492.0
451.0,492.0
452.0,493.0
451.0,494.0
450.0,492.0
451.0,491.0
452.0,493.0
451.0,494.0
448.0,492.0
451.0,492.0
454.0,494.0
451.0,494.0
448.0,492.0
451.0,492.0
452.0,494.0
450.0,494.0
450.0,492.0
452.0,493.0
452.0,494.0
450.0,493.0
450.0,491.0
452.0,493.0
451.0,494.0
449.0,492.0
451.0,492.0
452.0,494.0
451.0,494.0
449.0,492.0
451.0,492.0
452.0,494.0
451.0,494.0
449.0,492.0
452.0,492.0
453.0,494.0
450.0,494.0
449.0,492.0
451.0,492.0
453.0,494.0
450.0,494.0
450.0,492.0
452.0,492.0
452.0,494.0
450.0,493.0
450.0,491.0
452.0,493.0
451.0,495.0
450.0,492.0
451.0,492.0
452.0,493.0
451.0,494.0
449.0,492.0
451.0,492.0
452.0,493.0
451.0,493.0
449.0,492.0
451.0,492.0
453.0,493.0
451.0,493.0
449.0,492.0
452.0,492.0
453.0,493.0
451.0,493.0
450.0,492.0
453.0,492.0
453.0,493.0
450.0,493.0
450.0,492.0
453.0,493.0
452.0,494.0
450.0,492.0
451.0,491.0
453.0,494.0
451.0,494.0
451.0,492.0
451.0,492.0
453.0,494.0
451.0,493.0
450.0,492.0
452.0,491.0
453.0,493.0
451.0,493.0
449.0,492.0
451.0,492.0
454.0,493.0
451.0,493.0
449.0,492.0
452.0,492.0
453.0,494.0
450.0,494.0
450.0,491.0
452.0,491.0
452.0,492.0
451.0,490.0
451.0,489.0
453.0,492.0
451.0,493.0
450.0,491.0
451.0,491.0
452.0,494.0
452.0,494.0
450.0,492.0
451.0,492.0
452.0,494.0
451.0,494.0
449.0,492.0
451.0,492.0
454.0,494.0
451.0,494.0
449.0,492.0
452.0,492.0
453.0,494.0
450.0,494.0
450.0,492.0
453.0,493.0
452.0,494.0
450.0,493.0
451.0,492.0
453.0,494.0
452.0,496.0
450.0,493.0
451.0,493.0
453.0,495.0
452.0,495.0
450.0,490.0
451.0,493.0
452.0,495.0
451.0,495.0
450.0,493.0
451.0,493.0
454.0,495.0
451.0,494.0
449.0,493.0
452.0,493.0
454.0,494.0
451.0,494.0
449.0,492.0
452.0,493.0
452.0,495.0
450.0,494.0
450.0,492.0
452.0,494.0
452.0,495.0
450.0,493.0
451.0,492.0
452.0,496.0
451.0,495.0
450.0,493.0
452.0,493.0
453.0,494.0
451.0,494.0
450.0,493.0
451.0,492.0
453.0,494.0
451.0,494.0
448.0,493.0
451.0,493.0
454.0,494.0
451.0,494.0
449.0,493.0
452.0,493.0
453.0,495.0
451.0,494.0
450.0,492.0
452.0,493.0
452.0,495.0
450.0,492.0
451.0,492.0
453.0,494.0
451.0,495.0
450.0,492.0
451.0,492.0
453.0,495.0
452.0,494.0
450.0,492.0
451.0,492.0
453.0,494.0
451.0,494.0
449.0,492.0
451.0,492.0
454.0,493.0
451.0,493.0
449.0,492.0
452.0,492.0
454.0,494.0
450.0,494.0
450.0,492.0
452.0,492.0
453.0,494.0
450.0,492.0
451.0,491.0
452.0,493.0
452.0,494.0
450.0,491.0
451.0,492.0
452.0,494.0
451.0,494.0
450.0,493.0
451.0,492.0
453.0,493.0
451.0,494.0
450.0,493.0
451.0,493.0
454.0,494.0
451.0,493.0
449.0,491.0
451.0,491.0
453.0,492.0
451.0,493.0
449.0,491.0
452.0,492.0
452.0,494.0
450.0,493.0
450.0,492.0
452.0,494.0
452.0,495.0
450.0,492.0
451.0,492.0
452.0,495.0
451.0,495.0
450.0,493.0
451.0,492.0
453.0,495.0
451.0,495.0
450.0,493.0
451.0,492.0
453.0,495.0
451.0,494.0
449.0,490.0
451.0,493.0
454.0,494.0
451.0,495.0
449.0,493.0
453.0,492.0
453.0,495.0
450.0,495.0
450.0,493.0
452.0,494.0
452.0,495.0
450.0,493.0
451.0,493.0
452.0,495.0
451.0,495.0
450.0,492.0
451.0,493.0
453.0,494.0
451.0,494.0
450.0,493.0
451.0,492.0
452.0,495.0
451.0,494.0
449.0,492.0
451.0,493.0
454.0,494.0
451.0,494.0
449.0,492.0
452.0,493.0
454.0,494.0
450.0,493.0
450.0,492.0
453.0,493.0
453.0,495.0
450.0,492.0
451.0,491.0
453.0,494.0
452.0,495.0
450.0,492.0
451.0,492.0
452.0,494.0
452.0,494.0
450.0,493.0
451.0,492.0
452.0,494.0
451.0,494.0
450.0,492.0
451.0,492.0
453.0,494.0
451.0,494.0
449.0,492.0
451.0,493.0
453.0,494.0
451.0,493.0
449.0,492.0
452.0,492.0
452.0,494.0
449.0,492.0
450.0,492.0
452.0,493.0
452.0,494.0
450.0,493.0
451.0,491.0
453.0,493.0
452.0,493.0
450.0,492.0
451.0,492.0
452.0,494.0
451.0,494.0
449.0,492.0
451.0,492.0
452.0,494.0
451.0,494.0
449.0,492.0
451.0,492.0
453.0,494.0
451.0,493.0
448.0,492.0
451.0,493.0
452.0,494.0
449.0,493.0
450.0,492.0
452.0,493.0
451.0,494.0
449.0,492.0
450.0,492.0
452.0,494.0
451.0,494.0
449.0,491.0
451.0,490.0
452.0,492.0
451.0,492.0
450.0,491.0
451.0,491.0
452.0,493.0
451.0,494.0
448.0,492.0
451.0,492.0
454.0,494.0
450.0,493.0
448.0,492.0
451.0,493.0
453.0,494.0
449.0,494.0
449.0,491.0
451.0,493.0
452.0,495.0
449.0,492.0
449.0,492.0
452.0,494.0
451.0,495.0
449.0,492.0
450.0,492.0
452.0,494.0
451.0,494.0
449.0,492.0
451.0,492.0
452.0,494.0
451.0,494.0
449.0,492.0
451.0,492.0
453.0,494.0
451.0,494.0
449.0,493.0
451.0,493.0
453.0,494.0
450.0,494.0
448.0,493.0
452.0,493.0
451.0,494.0
449.0,493.0
449.0,492.0
452.0,494.0
451.0,495.0
450.0,492.0
450.0,492.0
452.0,494.0
451.0,494.0
449.0,493.0
451.0,492.0
452.0,494.0
451.0,494.0
450.0,492.0
451.0,492.0
452.0,494.0
451.0,494.0
449.0,493.0
451.0,492.0
454.0,494.0
451.0,494.0
449.0,492.0
452.0,493.0
454.0,494.0
450.0,493.0
450.0,491.0
452.0,493.0
452.0,494.0
450.0,492.0
451.0,491.0
453.0,494.0
451.0,494.0
451.0,492.0
451.0,492.0
453.0,494.0
451.0,494.0
450.0,492.0
451.0,492.0
452.0,494.0
451.0,495.0
449.0,493.0
451.0,493.0
453.0,494.0
451.0,494.0
449.0,492.0
452.0,493.0
453.0,494.0
450.0,493.0
450.0,492.0
452.0,493.0
453.0,494.0
450.0,492.0
451.0,491.0
453.0,494.0
452.0,494.0
450.0,492.0
451.0,492.0
453.0,493.0
451.0,494.0
450.0,492.0
451.0,492.0
452.0,494.0
452.0,493.0
451.0,492.0
451.0,492.0
454.0,494.0
451.0,494.0
449.0,492.0
451.0,493.0
453.0,494.0
450.0,493.0
448.0,492.0
452.0,493.0
453.0,495.0
450.0,493.0
450.0,492.0
452.0,494.0
451.0,493.0
450.0,489.0
450.0,490.0
452.0,492.0
451.0,493.0
450.0,491.0
451.0,491.0
452.0,493.0
451.0,494.0
449.0,492.0
451.0,492.0
452.0,494.0
451.0,493.0
448.0,492.0
451.0,492.0
453.0,494.0
451.0,493.0
448.0,492.0
452.0,493.0
453.0,495.0
450.0,493.0
450.0,492.0
452.0,494.0
452.0,495.0
449.0,492.0
451.0,492.0
452.0,494.0
451.0,494.0
449.0,492.0
451.0,492.0
452.0,494.0
451.0,494.0
449.0,492.0
451.0,492.0
452.0,494.0
451.0,493.0
449.0,492.0
451.0,492.0
453.0,494.0
451.0,493.0
449.0,492.0
451.0,493.0
453.0,494.0
450.0,493.0
449.0,492.0
451.0,493.0
452.0,494.0
449.0,492.0
450.0,491.0
452.0,493.0
451.0,494.0
449.0,492.0
451.0,492.0
451.0,494.0
451.0,494.0
449.0,492.0
451.0,492.0
452.0,494.0
451.0,494.0
449.0,492.0
451.0,493.0
453.0,494.0
451.0,494.0
448.0,492.0
451.0,493.0
454.0,494.0
450.0,494.0
449.0,492.0
452.0,494.0
452.0,495.0
449.0,492.0
449.0,491.0
452.0,494.0
451.0,495.0
449.0,492.0
450.0,492.0
452.0,494.0
451.0,494.0
449.0,492.0
451.0,492.0
452.0,494.0
451.0,494.0
449.0,492.0
451.0,492.0
452.0,494.0
451.0,493.0
448.0,492.0
451.0,493.0
454.0,494.0
451.0,493.0
448.0,492.0
451.0,493.0
452.0,494.0
450.0,492.0
449.0,491.0
452.0,493.0
452.0,495.0
450.0,492.0
450.0,492.0
452.0,493.0
451.0,494.0
449.0,492.0
451.0,492.0
453.0,493.0
451.0,494.0
449.0,492.0
451.0,492.0
452.0,493.0
451.0,494.0
449.0,492.0
451.0,492.0
453.0,493.0
451.0,493.0
449.0,492.0
451.0,493.0
453.0,494.0
450.0,492.0
449.0,490.0
452.0,491.0
452.0,492.0
450.0,490.0
450.0,490.0
452.0,493.0
452.0,493.0
449.0,491.0
451.0,492.0
452.0,493.0
451.0,493.0
450.0,492.0
451.0,492.0
452.0,495.0
451.0,494.0
450.0,492.0
451.0,493.0
453.0,494.0
451.0,493.0
448.0,492.0
451.0,493.0
453.0,494.0
451.0,494.0
448.0,492.0
452.0,493.0
453.0,494.0
450.0,493.0
450.0,492.0
452.0,494.0
452.0,494.0
449.0,493.0
450.0,492.0
453.0,494.0
451.0,495.0
449.0,493.0
451.0,493.0
452.0,497.0
451.0,494.0
450.0,492.0
451.0,493.0
452.0,494.0
451.0,494.0
449.0,492.0
451.0,492.0
454.0,494.0
451.0,494.0
449.0,492.0
452.0,493.0
453.0,495.0
450.0,492.0
450.0,492.0
452.0,494.0
452.0,495.0
450.0,492.0
450.0,492.0
452.0,494.0
452.0,494.0
450.0,492.0
451.0,492.0
452.0,494.0
451.0,494.0
450.0,492.0
451.0,492.0
452.0,494.0
451.0,494.0
449.0,492.0
451.0,492.0
453.0,494.0
451.0,493.0
448.0,492.0
451.0,493.0
453.0,494.0
450.0,492.0
449.0,491.0
452.0,493.0
452.0,494.0
450.0,491.0
451.0,492.0
452.0,494.0
451.0,494.0
450.0,492.0
451.0,492.0
453.0,493.0
451.0,494.0
451.0,492.0
451.0,492.0
451.0,494.0
450.0,493.0
449.0,492.0
451.0,492.0
453.0,493.0
451.0,493.0
448.0,492.0
451.0,493.0
453.0,494.0
451.0,493.0
450.0,491.0
451.0,492.0
453.0,494.0
457.0,491.0
455.0,491.0
456.0,493.0
450.0,493.0
444.0,492.0
450.0,491.0
457.0,493.0
460.0,493.0
446.0,492.0
444.0,492.0
450.0,493.0
452.0,493.0
455.0,491.0
452.0,492.0
451.0,493.0
453.0,493.0
447.0,492.0
452.0,492.0
454.0,494.0
449.0,493.0
450.0,492.0
454.0,493.0
453.0,495.0
446.0,492.0
446.0,490.0
458.0,490.0
462.0,492.0
450.0,490.0
449.0,490.0
452.0,492.0
461.0,493.0
448.0,492.0
447.0,492.0
458.0,494.0
449.0,493.0
447.0,491.0
453.0,492.0
451.0,494.0
448.0,493.0
450.0,492.0
460.0,492.0
458.0,494.0
449.0,493.0
448.0,491.0
453.0,493.0
457.0,493.0
463.0,492.0
445.0,491.0
443.0,495.0
454.0,495.0
453.0,490.0
453.0,491.0
454.0,493.0
451.0,497.0
452.0,495.0
458.0,498.0
458.0,500.0
451.0,493.0
445.0,490.0
451.0,494.0
457.0,496.0
457.0,493.0
457.0,492.0
459.0,493.0
456.0,492.0
447.0,490.0
451.0,491.0
466.0,496.0
450.0,498.0
437.0,491.0
446.0,489.0
462.0,495.0
448.0,499.0
439.0,499.0
456.0,504.0
463.0,499.0
448.0,488.0
442.0,490.0
453.0,492.0
464.0,501.0
447.0,495.0
437.0,497.0
446.0,502.0
450.0,495.0
454.0,485.0
446.0,481.0
448.0,484.0
450.0,492.0
448.0,497.0
447.0,492.0
453.0,486.0
452.0,494.0
448.0,500.0
449.0,498.0
448.0,488.0
448.0,496.0
447.0,500.0
445.0,499.0
449.0,492.0
448.0,487.0
446.0,496.0
448.0,508.0
450.0,497.0
450.0,484.0
446.0,486.0
447.0,497.0
450.0,508.0
449.0,495.0
449.0,485.0
450.0,491.0
445.0,507.0
450.0,504.0
448.0,484.0
448.0,490.0
452.0,495.0
447.0,497.0
445.0,494.0
450.0,491.0
451.0,495.0
449.0,496.0
448.0,500.0
452.0,500.0
450.0,495.0
447.0,492.0
448.0,504.0
451.0,503.0
451.0,494.0
449.0,492.0
450.0,494.0
454.0,498.0
449.0,499.0
448.0,489.0
451.0,492.0
449.0,499.0
451.0,500.0
449.0,493.0
450.0,493.0
450.0,495.0
449.0,495.0
447.0,496.0
450.0,494.0
452.0,495.0
450.0,494.0
448.0,498.0
451.0,499.0
451.0,497.0
447.0,492.0
447.0,488.0
451.0,484.0
451.0,482.0
447.0,479.0
449.0,478.0
450.0,483.0
450.0,485.0
448.0,487.0
450.0,492.0
450.0,492.0
448.0,493.0
448.0,491.0
450.0,494.0
451.0,496.0
449.0,493.0
448.0,494.0
450.0,496.0
452.0,499.0
447.0,495.0
447.0,499.0
450.0,499.0
451.0,498.0
449.0,496.0
450.0,498.0
450.0,500.0
451.0,499.0
448.0,497.0
450.0,497.0
452.0,501.0
449.0,498.0
449.0,494.0
450.0,496.0
452.0,499.0
451.0,501.0
449.0,497.0
450.0,499.0
451.0,501.0
450.0,496.0
449.0,495.0
449.0,497.0
451.0,496.0
450.0,496.0
449.0,494.0
450.0,497.0
450.0,498.0
451.0,495.0
448.0,495.0
451.0,498.0
452.0,497.0
448.0,496.0
448.0,496.0
451.0,498.0
452.0,496.0
447.0,494.0
450.0,496.0
451.0,496.0
450.0,497.0
447.0,498.0
450.0,495.0
451.0,497.0
450.0,495.0
449.0,495.0
450.0,496.0
451.0,494.0
450.0,496.0
447.0,496.0
451.0,495.0
453.0,496.0
450.0,495.0
450.0,495.0
450.0,497.0
451.0,498.0
451.0,495.0
448.0,494.0
451.0,496.0
450.0,498.0
450.0,494.0
448.0,494.0
451.0,497.0
451.0,495.0
448.0,494.0
450.0,495.0
451.0,495.0
450.0,495.0
448.0,495.0
451.0,496.0
452.0,496.0
449.0,495.0
448.0,494.0
450.0,495.0
452.0,495.0
451.0,495.0
448.0,493.0
453.0,496.0
451.0,496.0
449.0,494.0
449.0,495.0
451.0,496.0
452.0,496.0
449.0,495.0
450.0,492.0
453.0,495.0
451.0,496.0
448.0,492.0
451.0,493.0
451.0,495.0
451.0,496.0
449.0,493.0
450.0,493.0
451.0,496.0
451.0,494.0
449.0,492.0
451.0,493.0
452.0,494.0
451.0,494.0
449.0,492.0
450.0,493.0
453.0,494.0
451.0,492.0
451.0,495.0
451.0,495.0
452.0,493.0
448.0,492.0
449.0,494.0
452.0,496.0
451.0,496.0
450.0,492.0
450.0,493.0
452.0,495.0
452.0,494.0
449.0,493.0
452.0,493.0
452.0,494.0
451.0,494.0
448.0,495.0
451.0,495.0
453.0,493.0
451.0,494.0
449.0,493.0
452.0,493.0
453.0,495.0
451.0,492.0
450.0,493.0
452.0,495.0
455.0,493.0
451.0,492.0
451.0,493.0
453.0,494.0
453.0,495.0
452.0,494.0
451.0,492.0
453.0,493.0
453.0,496.0
452.0,494.0
452.0,493.0
452.0,493.0
453.0,495.0
451.0,493.0
452.0,492.0
454.0,493.0
452.0,493.0
450.0,494.0
452.0,493.0
455.0,494.0
453.0,494.0
451.0,493.0
453.0,493.0
455.0,494.0
452.0,492.0
451.0,493.0
454.0,495.0
454.0,494.0
451.0,493.0
451.0,495.0
455.0,494.0
454.0,492.0
450.0,492.0
452.0,493.0
455.0,495.0
453.0,495.0
452.0,493.0
454.0,493.0
454.0,494.0
452.0,494.0
451.0,492.0
453.0,492.0
455.0,495.0
454.0,493.0
451.0,493.0
452.0,495.0
456.0,495.0
453.0,492.0
452.0,492.0
454.0,496.0
454.0,493.0
451.0,491.0
452.0,493.0
455.0,493.0
455.0,493.0
452.0,492.0
451.0,494.0
454.0,494.0
454.0,494.0
452.0,492.0
453.0,494.0
455.0,493.0
453.0,495.0
452.0,493.0
455.0,492.0
455.0,495.0
453.0,493.0
454.0,492.0
455.0,493.0
454.0,495.0
453.0,493.0
451.0,492.0
455.0,498.0
456.0,495.0
453.0,491.0
452.0,493.0
455.0,493.0
455.0,493.0
452.0,490.0
453.0,492.0
455.0,492.0
454.0,493.0
452.0,491.0
454.0,492.0
456.0,494.0
453.0,493.0
454.0,492.0
454.0,494.0
455.0,495.0
454.0,493.0
452.0,493.0
454.0,493.0
456.0,493.0
453.0,492.0
452.0,491.0
454.0,494.0
456.0,493.0
453.0,492.0
452.0,492.0
455.0,495.0
456.0,493.0
454.0,490.0
454.0,492.0
454.0,493.0
453.0,496.0
453.0,492.0
454.0,491.0
457.0,492.0
454.0,494.0
454.0,493.0
454.0,491.0
454.0,493.0
454.0,493.0
452.0,492.0
455.0,493.0
456.0,495.0
454.0,493.0
452.0,490.0
454.0,493.0
457.0,494.0
452.0,491.0
452.0,492.0
455.0,495.0
456.0,493.0
453.0,492.0
452.0,493.0
456.0,493.0
454.0,493.0
453.0,492.0
453.0,492.0
456.0,495.0
455.0,495.0
454.0,491.0
452.0,493.0
456.0,496.0
455.0,493.0
452.0,492.0
453.0,492.0
456.0,494.0
457.0,493.0
454.0,491.0
454.0,493.0
455.0,494.0
454.0,493.0
452.0,491.0
455.0,494.0
456.0,494.0
453.0,490.0
454.0,492.0
455.0,495.0
455.0,493.0
454.0,493.0
452.0,493.0
455.0,495.0
455.0,494.0
452.0,492.0
454.0,493.0
457.0,494.0
454.0,492.0
451.0,492.0
453.0,493.0
454.0,493.0
454.0,493.0
453.0,493.0
454.0,493.0
456.0,495.0
455.0,493.0
452.0,492.0
455.0,495.0
456.0,494.0
452.0,492.0
452.0,492.0
456.0,497.0
454.0,493.0
452.0,490.0
453.0,493.0
456.0,493.0
454.0,492.0
453.0,493.0
454.0,493.0
455.0,494.0
453.0,493.0
452.0,492.0
454.0,492.0
456.0,493.0
455.0,493.0
452.0,493.0
453.0,492.0
455.0,492.0
454.0,491.0
452.0,491.0
455.0,492.0
455.0,493.0
453.0,491.0
451.0,490.0
455.0,493.0
456.0,494.0
452.0,492.0
453.0,490.0
456.0,493.0
454.0,493.0
452.0,492.0
454.0,493.0
455.0,493.0
454.0,494.0
452.0,493.0
456.0,493.0
454.0,494.0
454.0,493.0
452.0,492.0
454.0,493.0
456.0,493.0
454.0,494.0
452.0,492.0
453.0,496.0
457.0,494.0
454.0,491.0
452.0,492.0
454.0,495.0
457.0,494.0
452.0,491.0
453.0,492.0
456.0,494.0
456.0,495.0
452.0,490.0
452.0,492.0
456.0,494.0
455.0,493.0
452.0,493.0
455.0,492.0
454.0,495.0
453.0,493.0
454.0,491.0
453.0,493.0
455.0,493.0
454.0,494.0
452.0,492.0
454.0,492.0
456.0,494.0
454.0,492.0
452.0,492.0
455.0,495.0
457.0,494.0
453.0,492.0
452.0,493.0
456.0,494.0
454.0,493.0
453.0,493.0
452.0,492.0
455.0,494.0
455.0,493.0
452.0,492.0
455.0,493.0
454.0,493.0
453.0,493.0
454.0,493.0
456.0,493.0
454.0,493.0
453.0,492.0
453.0,492.0
453.0,493.0
455.0,493.0
453.0,493.0
453.0,491.0
453.0,494.0
456.0,495.0
452.0,491.0
452.0,492.0
455.0,494.0
455.0,494.0
452.0,492.0
452.0,493.0
455.0,495.0
454.0,493.0
452.0,493.0
452.0,493.0
455.0,493.0
453.0,495.0
452.0,492.0
453.0,493.0
454.0,494.0
453.0,493.0
452.0,492.0
454.0,494.0
452.0,494.0
452.0,494.0
452.0,491.0
455.0,493.0
455.0,494.0
452.0,492.0
451.0,493.0
454.0,494.0
455.0,493.0
452.0,493.0
450.0,494.0
453.0,494.0
454.0,493.0
451.0,492.0
452.0,494.0
453.0,494.0
453.0,495.0
452.0,490.0
452.0,490.0
454.0,492.0
452.0,492.0
452.0,490.0
452.0,492.0
454.0,493.0
453.0,493.0
451.0,492.0
452.0,493.0
454.0,494.0
453.0,491.0
450.0,492.0
453.0,495.0
452.0,492.0
451.0,493.0
451.0,493.0
454.0,492.0
454.0,493.0
451.0,492.0
452.0,492.0
453.0,493.0
452.0,494.0
452.0,492.0
451.0,492.0
454.0,494.0
453.0,492.0
452.0,493.0
452.0,493.0
454.0,494.0
452.0,492.0
452.0,492.0
453.0,493.0
454.0,495.0
452.0,492.0
450.0,491.0
452.0,495.0
454.0,496.0
452.0,489.0
450.0,492.0
453.0,496.0
454.0,493.0
450.0,492.0
451.0,492.0
453.0,494.0
453.0,495.0
452.0,493.0
451.0,493.0
453.0,495.0
453.0,495.0
452.0,491.0
454.0,492.0
452.0,495.0
451.0,494.0
451.0,491.0
453.0,493.0
452.0,494.0
451.0,493.0
450.0,494.0
453.0,493.0
454.0,494.0
451.0,493.0
450.0,493.0
454.0,494.0
454.0,495.0
451.0,491.0
451.0,492.0
452.0,493.0
453.0,494.0
451.0,493.0
450.0,493.0
452.0,493.0
452.0,493.0
450.0,493.0
450.0,492.0
453.0,493.0
451.0,494.0
450.0,492.0
452.0,493.0
454.0,493.0
451.0,492.0
451.0,492.0
452.0,494.0
453.0,495.0
452.0,492.0
448.0,492.0
452.0,493.0
453.0,494.0
451.0,491.0
449.0,495.0
453.0,494.0
452.0,490.0
451.0,492.0
451.0,492.0
452.0,493.0
451.0,494.0
451.0,491.0
451.0,492.0
452.0,493.0
452.0,494.0
450.0,493.0
451.0,492.0
452.0,493.0
451.0,494.0
451.0,492.0
452.0,493.0
453.0,494.0
452.0,492.0
450.0,492.0
453.0,496.0
453.0,494.0
451.0,492.0
450.0,491.0
452.0,496.0
453.0,493.0
451.0,493.0
451.0,494.0
453.0,493.0
454.0,494.0
451.0,492.0
450.0,493.0
453.0,495.0
452.0,494.0
450.0,492.0
451.0,492.0
452.0,492.0
451.0,491.0
451.0,490.0
451.0,492.0
452.0,493.0
451.0,493.0
449.0,492.0
451.0,495.0
454.0,494.0
452.0,491.0
450.0,493.0
452.0,496.0
454.0,494.0
452.0,491.0
450.0,492.0
452.0,495.0
452.0,493.0
451.0,492.0
452.0,491.0
454.0,494.0
453.0,494.0
450.0,491.0
451.0,493.0
453.0,495.0
452.0,493.0
451.0,493.0
451.0,493.0
453.0,493.0
451.0,493.0
450.0,492.0
452.0,495.0
455.0,496.0
452.0,492.0
449.0,493.0
453.0,495.0
455.0,494.0
451.0,492.0
450.0,492.0
452.0,494.0
453.0,493.0
451.0,492.0
451.0,492.0
453.0,494.0
451.0,495.0
450.0,492.0
450.0,492.0
453.0,494.0
451.0,494.0
450.0,492.0
451.0,492.0
452.0,493.0
451.0,495.0
451.0,493.0
452.0,494.0
453.0,493.0
449.0,492.0
450.0,492.0
450.0,494.0
453.0,493.0
451.0,491.0
448.0,492.0
453.0,494.0
454.0,494.0
448.0,492.0
449.0,493.0
452.0,494.0
452.0,494.0
450.0,491.0
450.0,492.0
453.0,494.0
451.0,493.0
452.0,493.0
451.0,492.0
451.0,493.0
451.0,493.0
450.0,493.0
452.0,493.0
453.0,494.0
451.0,492.0
449.0,492.0
451.0,495.0
453.0,493.0
450.0,491.0
449.0,492.0
452.0,494.0
452.0,493.0
451.0,493.0
451.0,493.0
451.0,493.0
452.0,493.0
451.0,493.0
450.0,493.0
452.0,495.0
453.0,494.0
448.0,490.0
451.0,492.0
451.0,495.0
451.0,493.0
450.0,493.0
451.0,493.0
452.0,493.0
452.0,494.0
450.0,492.0
451.0,493.0
453.0,495.0
451.0,492.0
448.0,492.0
451.0,495.0
453.0,493.0
450.0,492.0
448.0,494.0
451.0,491.0
451.0,494.0
449.0,492.0
450.0,492.0
451.0,495.0
450.0,494.0
449.0,492.0
451.0,492.0
451.0,491.0
450.0,492.0
450.0,492.0
450.0,491.0
451.0,494.0
450.0,492.0
448.0,492.0
450.0,493.0
451.0,493.0
450.0,492.0
448.0,493.0
449.0,494.0
451.0,496.0
449.0,493.0
448.0,492.0
451.0,495.0
452.0,495.0
449.0,492.0
448.0,492.0
451.0,494.0
451.0,495.0
450.0,492.0
448.0,493.0
451.0,494.0
450.0,492.0
448.0,493.0
450.0,493.0
451.0,493.0
450.0,493.0
448.0,492.0
450.0,493.0
451.0,495.0
450.0,493.0
448.0,493.0
450.0,495.0
451.0,493.0
450.0,492.0
448.0,492.0
450.0,495.0
452.0,493.0
449.0,492.0
448.0,492.0
450.0,493.0
451.0,494.0
448.0,493.0
448.0,492.0
452.0,494.0
451.0,491.0
449.0,493.0
448.0,492.0
450.0,493.0
450.0,493.0
447.0,492.0
450.0,493.0
450.0,494.0
449.0,492.0
447.0,492.0
449.0,493.0
451.0,493.0
449.0,493.0
447.0,493.0
450.0,493.0
451.0,493.0
449.0,491.0
447.0,491.0
450.0,493.0
451.0,494.0
449.0,492.0
448.0,492.0
450.0,493.0
450.0,493.0
447.0,493.0
449.0,493.0
448.0,493.0
449.0,493.0
449.0,493.0
448.0,491.0
450.0,493.0
448.0,493.0
448.0,492.0
450.0,493.0
450.0,494.0
448.0,491.0
446.0,491.0
449.0,495.0
451.0,493.0
449.0,491.0
446.0,493.0
450.0,493.0
451.0,493.0
448.0,492.0
448.0,492.0
450.0,493.0
450.0,493.0
449.0,492.0
448.0,494.0
450.0,493.0
449.0,492.0
449.0,492.0
448.0,493.0
451.0,493.0
449.0,493.0
448.0,493.0
450.0,495.0
449.0,498.0
448.0,492.0
447.0,492.0
452.0,493.0
451.0,493.0
448.0,492.0
446.0,492.0
450.0,493.0
451.0,493.0
448.0,493.0
447.0,493.0
450.0,496.0
450.0,492.0
447.0,491.0
447.0,493.0
451.0,493.0
449.0,492.0
447.0,489.0
449.0,491.0
451.0,493.0
450.0,493.0
447.0,490.0
448.0,493.0
450.0,494.0
449.0,493.0
449.0,490.0
448.0,493.0
451.0,493.0
449.0,491.0
448.0,492.0
450.0,495.0
450.0,493.0
448.0,491.0
446.0,492.0
451.0,495.0
450.0,494.0
449.0,490.0
448.0,491.0
450.0,493.0
451.0,492.0
448.0,492.0
447.0,492.0
450.0,493.0
449.0,494.0
448.0,492.0
450.0,493.0
451.0,494.0
449.0,493.0
447.0,492.0
448.0,493.0
450.0,494.0
450.0,492.0
449.0,492.0
450.0,495.0
449.0,494.0
449.0,491.0
447.0,492.0
450.0,494.0
451.0,494.0
449.0,492.0
450.0,493.0
448.0,494.0
450.0,493.0
448.0,493.0
449.0,492.0
450.0,494.0
451.0,493.0
449.0,492.0
449.0,493.0
450.0,494.0
450.0,493.0
448.0,492.0
450.0,493.0
451.0,494.0
450.0,492.0
448.0,492.0
450.0,494.0
451.0,494.0
450.0,492.0
448.0,492.0
450.0,494.0
451.0,493.0
449.0,492.0
447.0,492.0
450.0,493.0
451.0,493.0
449.0,491.0
449.0,492.0
451.0,493.0
451.0,491.0
449.0,490.0
450.0,491.0
450.0,492.0
450.0,492.0
449.0,491.0
450.0,491.0
451.0,491.0
450.0,489.0
449.0,488.0
450.0,491.0
451.0,491.0
450.0,489.0
448.0,490.0
450.0,492.0
451.0,490.0
449.0,488.0
448.0,487.0
450.0,490.0
451.0,490.0
449.0,488.0
449.0,488.0
451.0,490.0
451.0,490.0
449.0,488.0
449.0,489.0
451.0,490.0
451.0,490.0
448.0,485.0
450.0,490.0
451.0,490.0
450.0,488.0
449.0,487.0
450.0,490.0
451.0,491.0
450.0,488.0
448.0,488.0
451.0,490.0
452.0,490.0
450.0,488.0
448.0,491.0
451.0,491.0
452.0,492.0
450.0,489.0
450.0,489.0
452.0,491.0
452.0,490.0
451.0,488.0
450.0,488.0
451.0,490.0
451.0,490.0
449.0,488.0
450.0,488.0
451.0,489.0
451.0,490.0
449.0,488.0
451.0,489.0
452.0,491.0
451.0,489.0
450.0,485.0
451.0,486.0
453.0,486.0
451.0,483.0
450.0,486.0
452.0,487.0
454.0,485.0
451.0,485.0
451.0,486.0
453.0,489.0
452.0,488.0
450.0,486.0
450.0,486.0
452.0,488.0
452.0,487.0
451.0,486.0
451.0,485.0
453.0,487.0
452.0,487.0
450.0,485.0
451.0,485.0
453.0,488.0
451.0,486.0
450.0,485.0
452.0,488.0
452.0,489.0
451.0,487.0
449.0,486.0
452.0,489.0
453.0,489.0
455.0,488.0
448.0,488.0
452.0,490.0
453.0,491.0
450.0,489.0
450.0,490.0
452.0,492.0
452.0,492.0
450.0,490.0
451.0,490.0
452.0,492.0
451.0,492.0
450.0,490.0
451.0,491.0
453.0,493.0
451.0,492.0
450.0,490.0
452.0,492.0
453.0,493.0
451.0,491.0
451.0,490.0
453.0,493.0
455.0,493.0
453.0,491.0
452.0,492.0
454.0,494.0
455.0,494.0
449.0,492.0
447.0,492.0
451.0,494.0
451.0,494.0
448.0,492.0
450.0,492.0
452.0,494.0
452.0,494.0
450.0,492.0
452.0,492.0
453.0,494.0
453.0,494.0
454.0,491.0
456.0,493.0
457.0,494.0
454.0,492.0
452.0,491.0
454.0,493.0
454.0,494.0
453.0,492.0
450.0,492.0
452.0,493.0
454.0,495.0
451.0,492.0
450.0,492.0
452.0,493.0
453.0,494.0
451.0,492.0
451.0,492.0
453.0,494.0
454.0,494.0
452.0,492.0
453.0,492.0
454.0,493.0
453.0,494.0
452.0,492.0
452.0,492.0
454.0,493.0
452.0,492.0
451.0,491.0
452.0,493.0
453.0,493.0
452.0,492.0
450.0,491.0
452.0,493.0
454.0,494.0
452.0,493.0
449.0,492.0
452.0,493.0
453.0,494.0
451.0,492.0
451.0,492.0
452.0,493.0
452.0,493.0
451.0,493.0
450.0,491.0
452.0,493.0
451.0,493.0
450.0,491.0
451.0,492.0
453.0,493.0
452.0,493.0
451.0,491.0
452.0,493.0
453.0,494.0
451.0,491.0
450.0,491.0
451.0,493.0
453.0,493.0
451.0,490.0
449.0,490.0
451.0,492.0
452.0,491.0
450.0,488.0
449.0,490.0
452.0,493.0
452.0,492.0
450.0,491.0
450.0,492.0
453.0,493.0
452.0,493.0
451.0,491.0
451.0,492.0
452.0,493.0
451.0,493.0
450.0,491.0
452.0,493.0
453.0,493.0
452.0,491.0
450.0,491.0
451.0,494.0
454.0,493.0
451.0,490.0
450.0,491.0
452.0,493.0
454.0,493.0
451.0,491.0
450.0,491.0
453.0,493.0
453.0,492.0
451.0,490.0
451.0,491.0
453.0,493.0
453.0,493.0
451.0,491.0
451.0,492.0
453.0,493.0
452.0,493.0
451.0,491.0
452.0,492.0
453.0,493.0
452.0,491.0
451.0,489.0
452.0,493.0
453.0,493.0
452.0,490.0
450.0,490.0
452.0,492.0
455.0,492.0
452.0,491.0
449.0,490.0
452.0,492.0
454.0,492.0
450.0,490.0
450.0,491.0
452.0,492.0
453.0,492.0
450.0,490.0
451.0,491.0
453.0,493.0
452.0,493.0
450.0,491.0
451.0,491.0
453.0,493.0
452.0,492.0
450.0,490.0
452.0,493.0
453.0,493.0
452.0,491.0
450.0,491.0
452.0,492.0
454.0,493.0
453.0,492.0
450.0,492.0
452.0,493.0
455.0,493.0
452.0,492.0
450.0,492.0
453.0,493.0
453.0,494.0
451.0,492.0
451.0,492.0
453.0,493.0
453.0,493.0
451.0,492.0
451.0,492.0
454.0,494.0
452.0,493.0
451.0,492.0
452.0,493.0
453.0,494.0
452.0,493.0
451.0,491.0
452.0,494.0
454.0,494.0
452.0,491.0
451.0,492.0
453.0,493.0
455.0,494.0
452.0,492.0
450.0,492.0
454.0,493.0
454.0,494.0
452.0,492.0
452.0,492.0
454.0,494.0
454.0,494.0
452.0,492.0
451.0,493.0
454.0,494.0
453.0,494.0
452.0,492.0
453.0,493.0
454.0,494.0
452.0,493.0
452.0,492.0
453.0,493.0
454.0,495.0
452.0,492.0
451.0,492.0
453.0,494.0
455.0,494.0
452.0,492.0
451.0,492.0
453.0,495.0
455.0,495.0
452.0,491.0
451.0,491.0
454.0,492.0
454.0,492.0
452.0,491.0
452.0,491.0
454.0,493.0
453.0,493.0
452.0,492.0
453.0,493.0
454.0,495.0
453.0,493.0
452.0,492.0
453.0,494.0
455.0,495.0
453.0,492.0
451.0,492.0
453.0,494.0
455.0,495.0
453.0,492.0
451.0,492.0
453.0,494.0
455.0,494.0
452.0,492.0
451.0,492.0
455.0,494.0
455.0,494.0
452.0,492.0
452.0,492.0
455.0,493.0
454.0,493.0
453.0,491.0
452.0,493.0
455.0,494.0
453.0,493.0
452.0,491.0
453.0,493.0
454.0,494.0
453.0,492.0
452.0,492.0
453.0,494.0
454.0,494.0
453.0,492.0
450.0,492.0
454.0,493.0
456.0,493.0
453.0,492.0
450.0,492.0
454.0,493.0
455.0,493.0
452.0,491.0
451.0,491.0
455.0,493.0
455.0,493.0
452.0,491.0
452.0,492.0
455.0,493.0
454.0,493.0
452.0,491.0
453.0,492.0
455.0,493.0
454.0,492.0
452.0,492.0
454.0,494.0
455.0,494.0
453.0,491.0
451.0,492.0
454.0,494.0
456.0,493.0
453.0,492.0
451.0,491.0
454.0,493.0
457.0,493.0
452.0,492.0
452.0,491.0
455.0,493.0
455.0,493.0
452.0,491.0
453.0,492.0
455.0,493.0
455.0,493.0
452.0,491.0
454.0,492.0
455.0,493.0
454.0,492.0
452.0,490.0
454.0,493.0
455.0,493.0
453.0,491.0
452.0,491.0
454.0,492.0
456.0,493.0
453.0,491.0
451.0,491.0
454.0,493.0
456.0,493.0
453.0,491.0
451.0,491.0
455.0,493.0
455.0,493.0
453.0,491.0
453.0,491.0
455.0,493.0
455.0,493.0
452.0,491.0
453.0,492.0
455.0,493.0
453.0,492.0
452.0,491.0
453.0,493.0
455.0,494.0
453.0,491.0
452.0,491.0
453.0,493.0
455.0,495.0
454.0,492.0
451.0,491.0
453.0,493.0
455.0,493.0
452.0,491.0
451.0,492.0
454.0,493.0
455.0,493.0
452.0,490.0
452.0,490.0
454.0,492.0
454.0,492.0
452.0,490.0
452.0,491.0
454.0,495.0
453.0,493.0
452.0,491.0
452.0,493.0
454.0,494.0
453.0,492.0
451.0,491.0
453.0,494.0
454.0,495.0
453.0,492.0
452.0,492.0
453.0,494.0
455.0,494.0
453.0,493.0
451.0,492.0
453.0,494.0
455.0,494.0
452.0,492.0
451.0,492.0
454.0,494.0
454.0,493.0
452.0,492.0
452.0,492.0
455.0,494.0
454.0,493.0
452.0,492.0
453.0,493.0
454.0,494.0
453.0,492.0
452.0,491.0
454.0,493.0
455.0,494.0
453.0,491.0
452.0,492.0
453.0,494.0
455.0,494.0
453.0,492.0
451.0,492.0
453.0,493.0
456.0,494.0
453.0,492.0
451.0,492.0
454.0,493.0
455.0,493.0
452.0,492.0
452.0,492.0
454.0,493.0
454.0,493.0
452.0,492.0
452.0,492.0
455.0,494.0
454.0,493.0
452.0,491.0
453.0,493.0
455.0,494.0
453.0,492.0
452.0,492.0
453.0,493.0
455.0,494.0
454.0,492.0
451.0,492.0
454.0,493.0
456.0,493.0
452.0,492.0
451.0,492.0
454.0,493.0
456.0,493.0
452.0,492.0
452.0,492.0
454.0,493.0
454.0,493.0
452.0,492.0
452.0,492.0
454.0,494.0
454.0,493.0
452.0,491.0
453.0,493.0
454.0,494.0
452.0,492.0
452.0,491.0
453.0,493.0
455.0,495.0
453.0,491.0
452.0,492.0
453.0,493.0
455.0,493.0
453.0,492.0
451.0,491.0
453.0,493.0
456.0,493.0
452.0,491.0
451.0,492.0
454.0,494.0
454.0,493.0
452.0,492.0
452.0,492.0
455.0,493.0
454.0,493.0
452.0,492.0
452.0,493.0
454.0,494.0
453.0,493.0
452.0,492.0
453.0,494.0
454.0,495.0
453.0,492.0
451.0,492.0
453.0,494.0
454.0,493.0
453.0,490.0
450.0,490.0
453.0,493.0
454.0,493.0
452.0,491.0
450.0,491.0
453.0,493.0
454.0,493.0
451.0,491.0
452.0,493.0
453.0,494.0
453.0,493.0
451.0,491.0
450.0,492.0
454.0,494.0
452.0,493.0
451.0,491.0
452.0,492.0
453.0,494.0
452.0,492.0
451.0,491.0
452.0,494.0
453.0,494.0
452.0,492.0
450.0,492.0
452.0,493.0
455.0,494.0
452.0,492.0
450.0,492.0
452.0,494.0
455.0,493.0
451.0,491.0
451.0,492.0
453.0,493.0
453.0,493.0
451.0,491.0
452.0,493.0
453.0,494.0
452.0,493.0
451.0,491.0
452.0,493.0
453.0,494.0
452.0,491.0
450.0,491.0
452.0,493.0
453.0,494.0
452.0,492.0
451.0,491.0
452.0,493.0
453.0,493.0
452.0,492.0
450.0,492.0
452.0,493.0
454.0,493.0
451.0,492.0
450.0,491.0
453.0,493.0
453.0,493.0
451.0,492.0
450.0,492.0
453.0,493.0
452.0,493.0
451.0,491.0
451.0,492.0
452.0,494.0
452.0,492.0
450.0,491.0
452.0,493.0
452.0,494.0
452.0,492.0
450.0,492.0
451.0,493.0
453.0,493.0
451.0,491.0
449.0,491.0
451.0,493.0
453.0,494.0
451.0,492.0
449.0,492.0
452.0,494.0
454.0,494.0
450.0,492.0
451.0,492.0
452.0,493.0
452.0,493.0
450.0,492.0
451.0,492.0
452.0,494.0
452.0,493.0
450.0,491.0
451.0,493.0
452.0,494.0
451.0,491.0
450.0,492.0
451.0,494.0
453.0,493.0
452.0,492.0
450.0,491.0
451.0,493.0
454.0,494.0
451.0,492.0
448.0,491.0
451.0,493.0
454.0,493.0
451.0,492.0
450.0,492.0
452.0,493.0
452.0,493.0
450.0,491.0
451.0,492.0
453.0,493.0
452.0,493.0
450.0,491.0
451.0,493.0
453.0,494.0
451.0,491.0
451.0,491.0
451.0,494.0
453.0,494.0
451.0,492.0
450.0,491.0
452.0,492.0
453.0,491.0
451.0,490.0
449.0,489.0
451.0,492.0
454.0,493.0
451.0,491.0
449.0,491.0
452.0,493.0
453.0,493.0
451.0,491.0
450.0,492.0
452.0,494.0
452.0,493.0
450.0,491.0
451.0,492.0
452.0,494.0
451.0,491.0
449.0,491.0
451.0,493.0
452.0,494.0
451.0,492.0
450.0,492.0
451.0,493.0
452.0,493.0
451.0,492.0
449.0,491.0
451.0,494.0
453.0,494.0
451.0,492.0
449.0,492.0
451.0,494.0
453.0,494.0
450.0,492.0
450.0,492.0
452.0,494.0
452.0,493.0
450.0,492.0
451.0,492.0
452.0,494.0
451.0,493.0
449.0,491.0
451.0,493.0
452.0,494.0
451.0,492.0
450.0,491.0
451.0,494.0
452.0,493.0
451.0,491.0
450.0,491.0
451.0,493.0
453.0,493.0
451.0,492.0
449.0,492.0
451.0,493.0
453.0,493.0
450.0,491.0
449.0,491.0
452.0,493.0
452.0,493.0
450.0,491.0
450.0,492.0
452.0,493.0
452.0,493.0
450.0,491.0
450.0,492.0
451.0,493.0
451.0,492.0
449.0,491.0
451.0,493.0
452.0,493.0
450.0,492.0
449.0,492.0
451.0,493.0
451.0,494.0
451.0,491.0
448.0,492.0
451.0,493.0
452.0,494.0
450.0,492.0
448.0,492.0
451.0,493.0
452.0,493.0
450.0,492.0
449.0,492.0
452.0,493.0
451.0,493.0
449.0,491.0
449.0,492.0
452.0,494.0
451.0,492.0
449.0,489.0
451.0,493.0
452.0,494.0
451.0,491.0
449.0,491.0
450.0,493.0
451.0,494.0
451.0,492.0
448.0,491.0
451.0,493.0
453.0,493.0
450.0,491.0
447.0,492.0
451.0,493.0
453.0,493.0
450.0,491.0
449.0,492.0
451.0,493.0
452.0,493.0
450.0,491.0
450.0,492.0
452.0,493.0
451.0,492.0
449.0,492.0
451.0,493.0
452.0,493.0
451.0,490.0
449.0,489.0
451.0,492.0
452.0,491.0
450.0,490.0
449.0,490.0
451.0,493.0
452.0,493.0
451.0,491.0
448.0,491.0
451.0,493.0
453.0,493.0
450.0,491.0
448.0,491.0
452.0,493.0
452.0,493.0
