490.0,494.0
490.0,494.0
490.0,494.0
491.0,494.0
491.0,495.0
491.0,494.0
491.0,495.0
491.0,495.0
492.0,495.0
491.0,494.0
491.0,495.0
491.0,495.0
492.0,496.0
491.0,497.0
490.0,494.0
491.0,494.0
492.0,496.0
490.0,497.0
489.0,495.0
491.0,495.0
492.0,496.0
491.0,496.0
490.0,495.0
491.0,495.0
492.0,496.0
490.0,496.0
490.0,495.0
491.0,495.0
491.0,496.0
490.0,496.0
490.0,494.0
491.0,495.0
490.0,497.0
490.0,495.0
490.0,493.0
491.0,495.0
490.0,497.0
489.0,495.0
490.0,494.0
491.0,496.0
490.0,496.0
489.0,494.0
490.0,494.0
492.0,496.0
490.0,496.0
489.0,495.0
490.0,494.0
491.0,495.0
490.0,496.0
490.0,495.0
490.0,494.0
491.0,496.0
490.0,495.0
489.0,492.0
490.0,493.0
490.0,495.0
490.0,494.0
490.0,493.0
490.0,494.0
490.0,496.0
490.0,494.0
490.0,494.0
491.0,496.0
490.0,496.0
489.0,494.0
490.0,493.0
491.0,496.0
490.0,496.0
488.0,495.0
490.0,494.0
491.0,495.0
489.0,495.0
489.0,495.0
489.0,494.0
490.0,494.0
489.0,496.0
489.0,493.0
489.0,494.0
489.0,495.0
489.0,495.0
489.0,493.0
490.0,494.0
490.0,496.0
489.0,494.0
489.0,493.0
490.0,494.0
490.0,496.0
488.0,493.0
489.0,493.0
490.0,494.0
490.0,495.0
488.0,493.0
489.0,493.0
490.0,494.0
489.0,495.0
487.0,494.0
489.0,493.0
490.0,493.0
488.0,494.0
487.0,494.0
489.0,493.0
490.0,494.0
488.0,494.0
488.0,493.0
489.0,493.0
489.0,495.0
488.0,494.0
488.0,492.0
489.0,493.0
489.0,495.0
488.0,493.0
489.0,492.0
489.0,494.0
489.0,495.0
487.0,492.0
488.0,492.0
489.0,494.0
488.0,494.0
486.0,493.0
488.0,492.0
489.0,493.0
487.0,494.0
487.0,493.0
488.0,492.0
489.0,493.0
487.0,494.0
487.0,492.0
488.0,493.0
489.0,494.0
487.0,493.0
487.0,492.0
488.0,493.0
488.0,494.0
487.0,493.0
487.0,492.0
488.0,493.0
488.0,495.0
487.0,493.0
487.0,492.0
489.0,494.0
488.0,495.0
486.0,493.0
487.0,492.0
489.0,493.0
487.0,494.0
485.0,493.0
488.0,492.0
488.0,493.0
486.0,494.0
486.0,493.0
488.0,493.0
488.0,494.0
487.0,494.0
486.0,493.0
488.0,493.0
488.0,494.0
487.0,493.0
487.0,492.0
487.0,493.0
487.0,495.0
486.0,493.0
487.0,492.0
488.0,493.0
487.0,495.0
485.0,492.0
487.0,490.0
488.0,492.0
487.0,493.0
485.0,492.0
487.0,492.0
488.0,493.0
486.0,495.0
485.0,493.0
487.0,493.0
488.0,493.0
486.0,494.0
486.0,493.0
487.0,493.0
488.0,495.0
486.0,494.0
486.0,492.0
487.0,493.0
487.0,495.0
486.0,493.0
486.0,492.0
487.0,493.0
487.0,495.0
486.0,492.0
486.0,492.0
487.0,494.0
486.0,495.0
485.0,493.0
486.0,492.0
488.0,494.0
486.0,494.0
484.0,493.0
487.0,493.0
488.0,493.0
486.0,494.0
485.0,493.0
487.0,493.0
488.0,493.0
486.0,494.0
485.0,493.0
487.0,493.0
487.0,494.0
486.0,493.0
486.0,493.0
487.0,493.0
487.0,495.0
485.0,494.0
486.0,492.0
486.0,494.0
486.0,496.0
485.0,493.0
486.0,493.0
488.0,494.0
486.0,495.0
484.0,493.0
486.0,492.0
488.0,494.0
486.0,494.0
485.0,493.0
487.0,493.0
487.0,493.0
486.0,494.0
485.0,493.0
487.0,493.0
487.0,494.0
485.0,494.0
486.0,493.0
487.0,493.0
487.0,495.0
486.0,493.0
486.0,492.0
488.0,494.0
487.0,496.0
486.0,493.0
487.0,492.0
488.0,494.0
487.0,495.0
486.0,493.0
486.0,492.0
489.0,494.0
487.0,495.0
485.0,493.0
487.0,493.0
489.0,493.0
487.0,494.0
486.0,494.0
488.0,493.0
489.0,493.0
487.0,494.0
486.0,493.0
488.0,493.0
488.0,495.0
487.0,494.0
487.0,493.0
488.0,493.0
488.0,495.0
487.0,493.0
487.0,492.0
488.0,494.0
488.0,495.0
487.0,493.0
487.0,492.0
489.0,494.0
488.0,495.0
486.0,493.0
488.0,492.0
489.0,493.0
488.0,495.0
486.0,494.0
488.0,493.0
489.0,494.0
487.0,493.0
487.0,492.0
489.0,491.0
489.0,493.0
487.0,493.0
487.0,493.0
489.0,493.0
488.0,495.0
487.0,493.0
487.0,493.0
488.0,493.0
488.0,495.0
487.0,493.0
487.0,492.0
488.0,494.0
488.0,495.0
486.0,493.0
487.0,492.0
489.0,494.0
488.0,495.0
486.0,493.0
487.0,492.0
489.0,493.0
487.0,494.0
486.0,493.0
488.0,492.0
489.0,493.0
487.0,495.0
486.0,492.0
488.0,493.0
488.0,494.0
486.0,493.0
486.0,492.0
488.0,492.0
488.0,495.0
487.0,493.0
486.0,492.0
487.0,493.0
487.0,494.0
486.0,493.0
487.0,491.0
488.0,493.0
487.0,494.0
485.0,492.0
487.0,492.0
489.0,493.0
487.0,494.0
485.0,493.0
487.0,492.0
488.0,492.0
486.0,494.0
485.0,493.0
487.0,492.0
487.0,492.0
486.0,494.0
485.0,492.0
487.0,492.0
487.0,494.0
486.0,493.0
486.0,492.0
487.0,492.0
487.0,494.0
486.0,493.0
486.0,491.0
487.0,493.0
487.0,494.0
486.0,492.0
486.0,491.0
488.0,493.0
487.0,493.0
485.0,492.0
487.0,492.0
489.0,492.0
487.0,492.0
485.0,492.0
487.0,492.0
488.0,492.0
486.0,493.0
486.0,492.0
487.0,492.0
488.0,492.0
486.0,493.0
486.0,491.0
488.0,492.0
487.0,493.0
486.0,492.0
487.0,491.0
488.0,492.0
487.0,494.0
486.0,492.0
487.0,490.0
488.0,492.0
487.0,493.0
485.0,491.0
487.0,491.0
489.0,492.0
487.0,492.0
485.0,491.0
487.0,491.0
488.0,492.0
486.0,492.0
485.0,492.0
487.0,491.0
488.0,491.0
486.0,492.0
486.0,491.0
488.0,491.0
488.0,492.0
486.0,492.0
486.0,490.0
487.0,491.0
487.0,490.0
486.0,489.0
486.0,488.0
488.0,490.0
487.0,492.0
486.0,490.0
487.0,489.0
488.0,491.0
487.0,492.0
485.0,490.0
486.0,489.0
488.0,491.0
486.0,492.0
484.0,491.0
487.0,490.0
488.0,490.0
486.0,491.0
485.0,491.0
487.0,489.0
487.0,491.0
486.0,491.0
485.0,489.0
487.0,490.0
487.0,492.0
486.0,491.0
488.0,489.0
487.0,490.0
487.0,492.0
486.0,490.0
486.0,489.0
487.0,490.0
487.0,491.0
485.0,490.0
486.0,489.0
488.0,491.0
486.0,491.0
484.0,490.0
486.0,489.0
489.0,493.0
486.0,491.0
485.0,491.0
487.0,489.0
488.0,490.0
486.0,491.0
485.0,490.0
487.0,489.0
487.0,491.0
485.0,491.0
485.0,489.0
487.0,490.0
487.0,491.0
485.0,490.0
485.0,489.0
486.0,490.0
486.0,492.0
485.0,490.0
485.0,488.0
487.0,491.0
486.0,492.0
484.0,489.0
486.0,489.0
488.0,490.0
486.0,491.0
484.0,491.0
487.0,490.0
488.0,490.0
486.0,491.0
485.0,490.0
487.0,490.0
487.0,491.0
486.0,491.0
485.0,489.0
487.0,490.0
487.0,492.0
486.0,490.0
486.0,489.0
487.0,490.0
486.0,492.0
486.0,490.0
486.0,488.0
487.0,490.0
487.0,491.0
485.0,489.0
486.0,488.0
488.0,490.0
486.0,490.0
484.0,489.0
487.0,488.0
488.0,489.0
486.0,490.0
485.0,489.0
487.0,488.0
489.0,489.0
486.0,490.0
485.0,489.0
487.0,488.0
488.0,491.0
486.0,490.0
486.0,488.0
487.0,489.0
488.0,491.0
486.0,490.0
486.0,487.0
488.0,490.0
487.0,491.0
487.0,489.0
487.0,488.0
488.0,490.0
488.0,491.0
486.0,488.0
487.0,486.0
489.0,488.0
488.0,488.0
486.0,489.0
488.0,487.0
488.0,489.0
487.0,490.0
486.0,489.0
488.0,488.0
489.0,490.0
487.0,490.0
487.0,488.0
488.0,489.0
489.0,490.0
487.0,490.0
487.0,488.0
488.0,490.0
488.0,491.0
487.0,489.0
487.0,488.0
488.0,490.0
488.0,491.0
487.0,489.0
487.0,488.0
488.0,490.0
487.0,491.0
486.0,489.0
487.0,488.0
489.0,489.0
487.0,490.0
486.0,490.0
488.0,488.0
489.0,487.0
487.0,490.0
486.0,489.0
488.0,488.0
489.0,490.0
487.0,490.0
486.0,488.0
489.0,488.0
488.0,490.0
487.0,489.0
487.0,487.0
488.0,489.0
488.0,490.0
487.0,488.0
487.0,487.0
488.0,489.0
488.0,490.0
487.0,487.0
488.0,487.0
489.0,489.0
488.0,489.0
486.0,488.0
488.0,487.0
489.0,489.0
487.0,489.0
486.0,488.0
488.0,487.0
489.0,489.0
487.0,489.0
486.0,488.0
488.0,488.0
488.0,490.0
487.0,489.0
487.0,487.0
488.0,488.0
488.0,489.0
487.0,489.0
487.0,487.0
488.0,489.0
488.0,490.0
487.0,488.0
487.0,486.0
488.0,489.0
488.0,490.0
486.0,488.0
487.0,487.0
488.0,488.0
488.0,489.0
486.0,489.0
488.0,488.0
489.0,488.0
487.0,489.0
486.0,488.0
488.0,487.0
489.0,489.0
487.0,489.0
486.0,488.0
488.0,488.0
488.0,490.0
487.0,489.0
487.0,487.0
488.0,489.0
489.0,491.0
487.0,489.0
487.0,487.0
488.0,490.0
488.0,490.0
486.0,489.0
487.0,487.0
489.0,489.0
487.0,491.0
486.0,489.0
488.0,488.0
489.0,489.0
487.0,490.0
486.0,489.0
488.0,488.0
489.0,487.0
487.0,488.0
486.0,487.0
488.0,487.0
489.0,490.0
487.0,490.0
487.0,488.0
488.0,489.0
489.0,491.0
487.0,489.0
488.0,488.0
488.0,489.0
488.0,491.0
487.0,489.0
488.0,488.0
488.0,490.0
488.0,491.0
486.0,488.0
488.0,488.0
489.0,490.0
488.0,490.0
486.0,489.0
488.0,488.0
490.0,489.0
487.0,490.0
486.0,489.0
488.0,488.0
489.0,490.0
487.0,490.0
486.0,489.0
488.0,489.0
489.0,491.0
487.0,490.0
487.0,488.0
488.0,489.0
490.0,491.0
487.0,489.0
487.0,487.0
489.0,489.0
488.0,491.0
487.0,489.0
488.0,488.0
489.0,490.0
488.0,490.0
486.0,489.0
488.0,488.0
489.0,489.0
488.0,490.0
486.0,489.0
488.0,488.0
489.0,489.0
487.0,490.0
486.0,489.0
488.0,488.0
489.0,490.0
487.0,490.0
487.0,488.0
489.0,489.0
489.0,491.0
487.0,490.0
487.0,488.0
488.0,490.0
487.0,491.0
487.0,489.0
487.0,488.0
487.0,490.0
487.0,492.0
486.0,489.0
487.0,489.0
489.0,491.0
487.0,492.0
485.0,490.0
487.0,489.0
489.0,489.0
487.0,491.0
485.0,490.0
488.0,489.0
488.0,491.0
487.0,491.0
486.0,489.0
488.0,490.0
489.0,491.0
487.0,491.0
487.0,489.0
488.0,490.0
488.0,492.0
487.0,490.0
487.0,489.0
488.0,491.0
488.0,492.0
487.0,490.0
487.0,489.0
488.0,491.0
488.0,492.0
486.0,490.0
488.0,489.0
488.0,491.0
488.0,492.0
486.0,491.0
488.0,490.0
489.0,491.0
487.0,492.0
487.0,491.0
488.0,490.0
489.0,491.0
488.0,492.0
487.0,489.0
488.0,491.0
488.0,492.0
487.0,490.0
488.0,488.0
489.0,489.0
489.0,491.0
487.0,490.0
488.0,489.0
489.0,491.0
488.0,492.0
487.0,490.0
488.0,490.0
489.0,492.0
488.0,492.0
486.0,491.0
488.0,490.0
489.0,491.0
488.0,492.0
487.0,491.0
489.0,491.0
489.0,491.0
488.0,492.0
488.0,491.0
489.0,491.0
489.0,492.0
488.0,492.0
487.0,490.0
489.0,491.0
489.0,492.0
488.0,492.0
488.0,489.0
489.0,492.0
489.0,493.0
488.0,491.0
488.0,490.0
489.0,492.0
489.0,492.0
487.0,491.0
488.0,490.0
490.0,492.0
489.0,492.0
487.0,492.0
489.0,490.0
490.0,491.0
488.0,493.0
487.0,492.0
489.0,491.0
489.0,493.0
488.0,492.0
487.0,490.0
489.0,491.0
489.0,492.0
488.0,492.0
488.0,490.0
489.0,492.0
489.0,493.0
488.0,492.0
486.0,491.0
489.0,492.0
489.0,493.0
487.0,491.0
488.0,491.0
489.0,493.0
488.0,493.0
486.0,492.0
487.0,491.0
489.0,492.0
488.0,493.0
485.0,492.0
487.0,491.0
489.0,493.0
486.0,493.0
486.0,492.0
487.0,491.0
488.0,492.0
486.0,492.0
486.0,491.0
487.0,492.0
488.0,493.0
486.0,492.0
486.0,491.0
487.0,492.0
487.0,494.0
485.0,492.0
486.0,491.0
487.0,493.0
486.0,494.0
485.0,492.0
486.0,491.0
487.0,493.0
486.0,494.0
484.0,493.0
486.0,492.0
488.0,493.0
485.0,493.0
484.0,493.0
486.0,492.0
487.0,493.0
486.0,494.0
485.0,492.0
486.0,492.0
487.0,494.0
485.0,493.0
485.0,492.0
486.0,493.0
486.0,494.0
485.0,493.0
486.0,491.0
487.0,493.0
486.0,494.0
485.0,492.0
486.0,490.0
487.0,492.0
487.0,492.0
484.0,491.0
486.0,491.0
488.0,493.0
486.0,493.0
484.0,493.0
487.0,492.0
488.0,493.0
486.0,493.0
485.0,492.0
487.0,492.0
488.0,493.0
486.0,493.0
486.0,491.0
487.0,492.0
488.0,493.0
486.0,493.0
486.0,491.0
488.0,493.0
487.0,494.0
486.0,492.0
487.0,491.0
488.0,493.0
487.0,495.0
486.0,492.0
487.0,491.0
488.0,493.0
487.0,494.0
485.0,493.0
486.0,492.0
489.0,492.0
487.0,493.0
485.0,493.0
488.0,492.0
488.0,492.0
487.0,493.0
486.0,492.0
488.0,492.0
488.0,494.0
486.0,493.0
486.0,492.0
488.0,493.0
487.0,494.0
486.0,493.0
486.0,491.0
488.0,493.0
487.0,494.0
487.0,492.0
487.0,492.0
488.0,493.0
488.0,495.0
486.0,493.0
487.0,492.0
489.0,493.0
487.0,494.0
484.0,493.0
487.0,492.0
489.0,493.0
487.0,493.0
486.0,493.0
487.0,492.0
488.0,494.0
486.0,494.0
486.0,492.0
488.0,493.0
488.0,494.0
486.0,493.0
486.0,492.0
487.0,493.0
487.0,494.0
486.0,493.0
487.0,491.0
488.0,493.0
487.0,494.0
486.0,492.0
487.0,491.0
488.0,493.0
487.0,494.0
486.0,492.0
487.0,492.0
489.0,493.0
488.0,493.0
486.0,493.0
488.0,492.0
488.0,492.0
488.0,493.0
486.0,492.0
489.0,492.0
489.0,494.0
487.0,493.0
487.0,492.0
488.0,493.0
489.0,494.0
488.0,492.0
488.0,492.0
489.0,493.0
489.0,494.0
488.0,493.0
488.0,491.0
489.0,493.0
489.0,494.0
487.0,493.0
488.0,492.0
489.0,493.0
489.0,494.0
487.0,492.0
488.0,490.0
489.0,491.0
488.0,492.0
487.0,492.0
489.0,491.0
489.0,492.0
488.0,493.0
487.0,492.0
489.0,492.0
489.0,493.0
488.0,492.0
488.0,492.0
488.0,493.0
489.0,494.0
488.0,493.0
488.0,491.0
488.0,493.0
489.0,494.0
488.0,492.0
489.0,491.0
490.0,493.0
489.0,493.0
487.0,492.0
489.0,491.0
490.0,492.0
489.0,493.0
488.0,493.0
489.0,493.0
490.0,492.0
488.0,493.0
488.0,492.0
489.0,491.0
489.0,493.0
488.0,493.0
487.0,491.0
489.0,492.0
489.0,493.0
488.0,492.0
488.0,491.0
489.0,492.0
489.0,494.0
488.0,492.0
489.0,491.0
489.0,493.0
489.0,493.0
488.0,492.0
488.0,490.0
489.0,493.0
489.0,493.0
487.0,492.0
488.0,491.0
490.0,492.0
488.0,493.0
486.0,492.0
489.0,491.0
489.0,492.0
488.0,493.0
487.0,492.0
488.0,491.0
489.0,493.0
487.0,492.0
487.0,491.0
488.0,492.0
488.0,493.0
487.0,492.0
487.0,491.0
488.0,492.0
488.0,494.0
487.0,492.0
487.0,491.0
488.0,492.0
487.0,493.0
486.0,491.0
487.0,491.0
489.0,492.0
487.0,493.0
485.0,492.0
488.0,491.0
489.0,492.0
487.0,493.0
486.0,492.0
488.0,491.0
489.0,492.0
487.0,493.0
486.0,491.0
489.0,492.0
489.0,493.0
487.0,492.0
487.0,491.0
489.0,492.0
489.0,493.0
488.0,492.0
488.0,491.0
489.0,493.0
489.0,493.0
488.0,492.0
488.0,491.0
489.0,492.0
489.0,493.0
487.0,493.0
488.0,492.0
489.0,492.0
489.0,493.0
486.0,493.0
489.0,492.0
489.0,493.0
488.0,494.0
487.0,492.0
489.0,492.0
489.0,493.0
488.0,493.0
487.0,492.0
489.0,492.0
492.0,493.0
492.0,491.0
486.0,489.0
485.0,492.0
486.0,493.0
487.0,492.0
490.0,491.0
494.0,493.0
489.0,494.0
482.0,493.0
494.0,492.0
496.0,494.0
486.0,495.0
482.0,493.0
484.0,493.0
492.0,493.0
489.0,494.0
483.0,493.0
488.0,493.0
493.0,494.0
495.0,495.0
487.0,493.0
488.0,493.0
487.0,495.0
490.0,494.0
493.0,493.0
483.0,494.0
479.0,496.0
483.0,495.0
486.0,493.0
491.0,495.0
493.0,496.0
484.0,494.0
486.0,493.0
496.0,496.0
496.0,496.0
484.0,494.0
483.0,494.0
489.0,495.0
488.0,496.0
494.0,496.0
497.0,495.0
488.0,495.0
482.0,497.0
496.0,495.0
497.0,495.0
489.0,496.0
486.0,496.0
488.0,495.0
489.0,496.0
491.0,497.0
489.0,496.0
485.0,495.0
493.0,496.0
498.0,498.0
501.0,496.0
498.0,494.0
482.0,497.0
495.0,498.0
499.0,496.0
478.0,495.0
484.0,498.0
484.0,498.0
489.0,497.0
492.0,496.0
494.0,497.0
496.0,501.0
495.0,501.0
495.0,499.0
492.0,498.0
489.0,498.0
489.0,504.0
503.0,506.0
487.0,501.0
481.0,492.0
489.0,493.0
490.0,500.0
494.0,508.0
490.0,502.0
490.0,492.0
490.0,493.0
495.0,503.0
493.0,504.0
491.0,503.0
495.0,501.0
494.0,498.0
492.0,498.0
491.0,502.0
497.0,504.0
486.0,498.0
490.0,494.0
493.0,496.0
495.0,504.0
493.0,504.0
491.0,498.0
495.0,496.0
496.0,501.0
494.0,498.0
495.0,494.0
497.0,496.0
498.0,501.0
493.0,506.0
495.0,504.0
496.0,506.0
496.0,500.0
496.0,492.0
493.0,491.0
500.0,500.0
498.0,508.0
494.0,499.0
497.0,493.0
498.0,498.0
494.0,505.0
495.0,499.0
498.0,493.0
497.0,499.0
494.0,502.0
495.0,501.0
496.0,495.0
497.0,503.0
494.0,507.0
495.0,496.0
497.0,495.0
499.0,498.0
496.0,500.0
492.0,497.0
496.0,498.0
495.0,503.0
494.0,506.0
496.0,501.0
495.0,498.0
495.0,500.0
496.0,502.0
495.0,502.0
494.0,504.0
495.0,497.0
492.0,495.0
495.0,498.0
495.0,505.0
495.0,503.0
492.0,497.0
493.0,496.0
497.0,499.0
494.0,502.0
491.0,501.0
495.0,496.0
494.0,499.0
492.0,503.0
494.0,510.0
495.0,506.0
494.0,500.0
493.0,498.0
492.0,496.0
493.0,499.0
493.0,501.0
492.0,501.0
494.0,499.0
493.0,499.0
493.0,502.0
492.0,500.0
492.0,500.0
492.0,505.0
494.0,505.0
491.0,498.0
492.0,501.0
495.0,504.0
492.0,501.0
492.0,502.0
493.0,499.0
495.0,499.0
491.0,503.0
490.0,502.0
492.0,499.0
494.0,500.0
492.0,502.0
490.0,507.0
493.0,500.0
493.0,498.0
490.0,502.0
491.0,501.0
493.0,501.0
492.0,501.0
489.0,499.0
492.0,501.0
494.0,502.0
492.0,500.0
491.0,496.0
492.0,497.0
493.0,501.0
491.0,503.0
490.0,500.0
491.0,501.0
493.0,499.0
491.0,501.0
490.0,503.0
490.0,502.0
495.0,500.0
490.0,498.0
489.0,499.0
491.0,500.0
492.0,500.0
491.0,503.0
487.0,502.0
491.0,499.0
492.0,502.0
491.0,500.0
491.0,497.0
492.0,499.0
491.0,503.0
491.0,502.0
490.0,499.0
490.0,500.0
492.0,500.0
489.0,500.0
490.0,501.0
492.0,501.0
493.0,501.0
489.0,501.0
490.0,499.0
492.0,499.0
489.0,504.0
488.0,502.0
492.0,496.0
493.0,497.0
489.0,499.0
490.0,501.0
491.0,501.0
492.0,499.0
487.0,497.0
489.0,497.0
491.0,495.0
490.0,499.0
490.0,497.0
490.0,494.0
490.0,496.0
490.0,497.0
490.0,495.0
490.0,492.0
490.0,494.0
490.0,493.0
489.0,489.0
489.0,490.0
491.0,489.0
488.0,491.0
489.0,491.0
489.0,490.0
491.0,489.0
490.0,489.0
489.0,488.0
490.0,489.0
490.0,489.0
489.0,487.0
488.0,487.0
490.0,487.0
488.0,488.0
490.0,489.0
490.0,486.0
489.0,487.0
488.0,487.0
489.0,488.0
488.0,486.0
490.0,489.0
489.0,489.0
487.0,486.0
490.0,488.0
490.0,489.0
489.0,489.0
488.0,492.0
488.0,489.0
490.0,489.0
490.0,494.0
487.0,492.0
489.0,487.0
490.0,492.0
488.0,492.0
487.0,491.0
488.0,492.0
490.0,492.0
488.0,493.0
488.0,493.0
489.0,494.0
489.0,495.0
488.0,493.0
488.0,493.0
489.0,496.0
489.0,495.0
489.0,494.0
488.0,495.0
489.0,497.0
489.0,495.0
486.0,493.0
489.0,495.0
490.0,496.0
489.0,496.0
487.0,498.0
489.0,497.0
489.0,496.0
488.0,495.0
487.0,496.0
489.0,496.0
489.0,497.0
487.0,498.0
487.0,497.0
489.0,498.0
488.0,499.0
488.0,499.0
488.0,498.0
490.0,497.0
489.0,499.0
489.0,497.0
487.0,498.0
489.0,499.0
489.0,498.0
487.0,497.0
489.0,496.0
490.0,499.0
488.0,499.0
487.0,499.0
487.0,498.0
490.0,497.0
488.0,501.0
487.0,500.0
488.0,498.0
490.0,500.0
488.0,500.0
486.0,499.0
489.0,499.0
489.0,500.0
488.0,500.0
487.0,498.0
489.0,499.0
489.0,500.0
487.0,500.0
489.0,499.0
490.0,500.0
489.0,501.0
487.0,500.0
488.0,498.0
489.0,497.0
488.0,498.0
488.0,499.0
488.0,498.0
489.0,499.0
489.0,501.0
487.0,499.0
488.0,500.0
490.0,501.0
486.0,501.0
486.0,501.0
487.0,498.0
488.0,500.0
489.0,501.0
488.0,501.0
489.0,500.0
489.0,500.0
488.0,500.0
488.0,498.0
487.0,501.0
489.0,501.0
488.0,500.0
488.0,499.0
489.0,500.0
489.0,503.0
487.0,501.0
487.0,499.0
489.0,502.0
487.0,501.0
486.0,500.0
487.0,502.0
490.0,503.0
489.0,499.0
486.0,500.0
488.0,501.0
490.0,501.0
488.0,502.0
487.0,501.0
488.0,499.0
489.0,500.0
488.0,502.0
486.0,500.0
488.0,499.0
491.0,501.0
485.0,502.0
487.0,499.0
487.0,501.0
489.0,502.0
488.0,501.0
488.0,500.0
489.0,501.0
488.0,501.0
488.0,498.0
486.0,501.0
489.0,502.0
486.0,502.0
487.0,502.0
488.0,499.0
489.0,500.0
488.0,500.0
486.0,500.0
489.0,499.0
490.0,500.0
489.0,500.0
488.0,500.0
489.0,500.0
489.0,501.0
487.0,501.0
487.0,501.0
489.0,501.0
489.0,502.0
488.0,501.0
486.0,500.0
488.0,500.0
489.0,504.0
487.0,501.0
488.0,500.0
489.0,502.0
489.0,502.0
488.0,501.0
488.0,500.0
488.0,499.0
489.0,501.0
486.0,502.0
489.0,500.0
490.0,500.0
487.0,501.0
487.0,500.0
488.0,499.0
489.0,501.0
488.0,503.0
487.0,499.0
489.0,499.0
489.0,501.0
487.0,500.0
487.0,498.0
489.0,500.0
489.0,501.0
487.0,501.0
487.0,496.0
488.0,497.0
488.0,498.0
488.0,497.0
487.0,496.0
489.0,498.0
489.0,498.0
487.0,497.0
487.0,495.0
489.0,495.0
488.0,495.0
486.0,496.0
489.0,497.0
489.0,496.0
487.0,496.0
486.0,496.0
489.0,496.0
489.0,497.0
489.0,496.0
488.0,495.0
489.0,496.0
488.0,497.0
488.0,495.0
488.0,493.0
489.0,496.0
488.0,498.0
487.0,493.0
490.0,493.0
488.0,495.0
488.0,495.0
485.0,494.0
488.0,493.0
489.0,494.0
488.0,493.0
487.0,493.0
489.0,493.0
489.0,493.0
489.0,494.0
486.0,493.0
487.0,493.0
490.0,492.0
488.0,494.0
486.0,493.0
489.0,492.0
490.0,493.0
486.0,494.0
487.0,491.0
489.0,492.0
488.0,492.0
488.0,491.0
489.0,490.0
489.0,492.0
489.0,493.0
486.0,491.0
486.0,491.0
489.0,492.0
488.0,492.0
486.0,490.0
488.0,490.0
489.0,492.0
488.0,491.0
486.0,491.0
488.0,491.0
490.0,490.0
487.0,490.0
487.0,492.0
489.0,490.0
489.0,488.0
488.0,490.0
487.0,490.0
488.0,491.0
488.0,490.0
487.0,491.0
487.0,490.0
488.0,490.0
488.0,490.0
486.0,488.0
486.0,488.0
488.0,491.0
488.0,491.0
487.0,489.0
487.0,488.0
489.0,490.0
489.0,489.0
485.0,491.0
487.0,491.0
489.0,485.0
488.0,488.0
486.0,490.0
488.0,488.0
488.0,487.0
487.0,489.0
486.0,489.0
488.0,489.0
489.0,487.0
486.0,488.0
486.0,489.0
488.0,488.0
488.0,488.0
489.0,487.0
488.0,486.0
488.0,487.0
488.0,490.0
487.0,488.0
487.0,487.0
489.0,489.0
489.0,489.0
486.0,489.0
487.0,485.0
489.0,486.0
490.0,489.0
486.0,489.0
488.0,488.0
488.0,486.0
487.0,486.0
486.0,487.0
488.0,485.0
489.0,484.0
487.0,486.0
487.0,486.0
489.0,487.0
489.0,487.0
489.0,488.0
488.0,486.0
488.0,486.0
488.0,487.0
488.0,487.0
488.0,487.0
489.0,489.0
489.0,489.0
488.0,485.0
489.0,485.0
489.0,487.0
489.0,488.0
486.0,489.0
488.0,487.0
491.0,486.0
489.0,485.0
486.0,486.0
489.0,485.0
489.0,486.0
487.0,487.0
486.0,485.0
489.0,486.0
490.0,487.0
489.0,486.0
486.0,486.0
489.0,487.0
489.0,487.0
488.0,485.0
488.0,486.0
490.0,486.0
488.0,485.0
487.0,486.0
488.0,486.0
489.0,487.0
489.0,486.0
486.0,485.0
488.0,485.0
489.0,486.0
489.0,486.0
486.0,487.0
489.0,487.0
489.0,485.0
488.0,487.0
487.0,487.0
489.0,485.0
489.0,485.0
489.0,487.0
487.0,484.0
488.0,485.0
490.0,486.0
488.0,486.0
488.0,485.0
488.0,486.0
489.0,488.0
488.0,486.0
487.0,484.0
488.0,486.0
489.0,487.0
487.0,485.0
488.0,484.0
489.0,486.0
489.0,485.0
486.0,485.0
488.0,486.0
490.0,486.0
489.0,488.0
487.0,488.0
489.0,483.0
489.0,483.0
487.0,486.0
486.0,485.0
489.0,485.0
489.0,487.0
488.0,487.0
487.0,485.0
489.0,485.0
489.0,487.0
487.0,486.0
487.0,486.0
488.0,486.0
489.0,488.0
487.0,486.0
488.0,483.0
488.0,485.0
487.0,486.0
488.0,486.0
488.0,485.0
488.0,487.0
488.0,486.0
487.0,487.0
488.0,484.0
489.0,485.0
489.0,488.0
487.0,486.0
487.0,485.0
488.0,486.0
488.0,488.0
486.0,485.0
488.0,486.0
489.0,487.0
487.0,487.0
486.0,485.0
488.0,485.0
489.0,487.0
487.0,487.0
486.0,485.0
488.0,484.0
488.0,485.0
486.0,485.0
486.0,483.0
488.0,486.0
488.0,488.0
486.0,485.0
487.0,486.0
489.0,485.0
487.0,487.0
485.0,486.0
488.0,485.0
491.0,485.0
485.0,487.0
485.0,489.0
488.0,485.0
489.0,485.0
487.0,486.0
486.0,486.0
489.0,486.0
489.0,488.0
485.0,486.0
485.0,486.0
487.0,486.0
488.0,486.0
487.0,487.0
486.0,486.0
488.0,484.0
487.0,486.0
488.0,485.0
487.0,485.0
489.0,487.0
489.0,485.0
484.0,486.0
486.0,485.0
489.0,484.0
486.0,486.0
486.0,486.0
487.0,485.0
489.0,486.0
488.0,487.0
487.0,486.0
488.0,485.0
489.0,486.0
486.0,487.0
485.0,486.0
488.0,485.0
489.0,485.0
486.0,484.0
486.0,484.0
488.0,486.0
488.0,487.0
487.0,485.0
488.0,484.0
486.0,487.0
488.0,489.0
485.0,486.0
488.0,486.0
489.0,482.0
486.0,485.0
485.0,487.0
488.0,487.0
489.0,484.0
486.0,486.0
485.0,486.0
488.0,485.0
489.0,486.0
486.0,486.0
486.0,486.0
488.0,487.0
487.0,487.0
486.0,485.0
486.0,485.0
488.0,486.0
489.0,488.0
488.0,485.0
486.0,485.0
488.0,486.0
487.0,488.0
487.0,486.0
488.0,486.0
487.0,488.0
488.0,487.0
487.0,488.0
486.0,486.0
489.0,484.0
488.0,487.0
485.0,487.0
488.0,487.0
489.0,486.0
487.0,488.0
485.0,487.0
487.0,485.0
487.0,489.0
486.0,489.0
485.0,486.0
489.0,486.0
489.0,488.0
488.0,488.0
487.0,488.0
488.0,486.0
489.0,488.0
487.0,487.0
487.0,487.0
489.0,487.0
488.0,487.0
485.0,485.0
486.0,485.0
488.0,485.0
487.0,487.0
486.0,486.0
488.0,487.0
489.0,488.0
488.0,487.0
485.0,489.0
488.0,488.0
488.0,488.0
488.0,487.0
485.0,487.0
488.0,488.0
488.0,488.0
487.0,487.0
486.0,488.0
488.0,487.0
489.0,488.0
487.0,487.0
488.0,487.0
488.0,488.0
487.0,489.0
485.0,487.0
486.0,486.0
488.0,488.0
487.0,490.0
486.0,486.0
488.0,486.0
489.0,487.0
486.0,488.0
486.0,488.0
487.0,487.0
488.0,489.0
488.0,488.0
485.0,486.0
488.0,486.0
488.0,488.0
488.0,488.0
485.0,486.0
488.0,488.0
488.0,491.0
488.0,485.0
487.0,484.0
487.0,486.0
488.0,489.0
488.0,486.0
487.0,486.0
489.0,486.0
486.0,489.0
486.0,488.0
486.0,486.0
488.0,488.0
488.0,488.0
487.0,488.0
486.0,487.0
489.0,487.0
489.0,486.0
486.0,488.0
489.0,488.0
489.0,487.0
488.0,488.0
487.0,489.0
488.0,485.0
489.0,488.0
488.0,489.0
487.0,486.0
489.0,485.0
489.0,489.0
487.0,487.0
488.0,486.0
489.0,489.0
489.0,490.0
486.0,486.0
488.0,488.0
489.0,490.0
489.0,488.0
487.0,488.0
488.0,488.0
489.0,488.0
487.0,489.0
486.0,489.0
488.0,486.0
489.0,488.0
488.0,489.0
487.0,488.0
489.0,487.0
488.0,488.0
489.0,491.0
486.0,487.0
489.0,487.0
489.0,489.0
488.0,489.0
487.0,488.0
488.0,488.0
490.0,490.0
486.0,489.0
487.0,486.0
488.0,488.0
488.0,489.0
487.0,489.0
488.0,489.0
488.0,489.0
488.0,489.0
486.0,489.0
487.0,489.0
489.0,487.0
489.0,489.0
487.0,490.0
488.0,487.0
490.0,488.0
487.0,490.0
487.0,486.0
488.0,486.0
489.0,487.0
487.0,488.0
487.0,487.0
488.0,489.0
488.0,489.0
489.0,490.0
485.0,489.0
489.0,489.0
489.0,491.0
487.0,488.0
487.0,489.0
488.0,491.0
489.0,490.0
488.0,489.0
488.0,487.0
489.0,488.0
488.0,489.0
485.0,490.0
487.0,488.0
490.0,489.0
488.0,490.0
487.0,490.0
488.0,490.0
489.0,488.0
489.0,489.0
488.0,489.0
487.0,489.0
489.0,489.0
488.0,489.0
487.0,489.0
489.0,490.0
489.0,489.0
488.0,491.0
487.0,488.0
489.0,489.0
488.0,491.0
486.0,488.0
488.0,487.0
489.0,490.0
489.0,491.0
487.0,489.0
488.0,489.0
489.0,488.0
487.0,490.0
487.0,490.0
489.0,490.0
489.0,489.0
489.0,490.0
486.0,491.0
488.0,489.0
489.0,489.0
488.0,490.0
487.0,490.0
489.0,490.0
489.0,490.0
487.0,490.0
488.0,490.0
489.0,489.0
488.0,490.0
489.0,489.0
487.0,489.0
489.0,491.0
488.0,492.0
488.0,489.0
489.0,489.0
489.0,490.0
488.0,491.0
487.0,490.0
488.0,490.0
490.0,490.0
488.0,490.0
487.0,490.0
489.0,488.0
490.0,491.0
486.0,491.0
486.0,490.0
489.0,490.0
489.0,491.0
488.0,491.0
487.0,489.0
488.0,489.0
489.0,493.0
488.0,490.0
488.0,488.0
489.0,490.0
488.0,491.0
488.0,491.0
487.0,491.0
489.0,491.0
489.0,490.0
488.0,491.0
488.0,490.0
489.0,488.0
489.0,490.0
487.0,492.0
489.0,491.0
489.0,489.0
487.0,490.0
486.0,490.0
489.0,491.0
489.0,492.0
489.0,488.0
486.0,488.0
488.0,490.0
489.0,492.0
488.0,494.0
487.0,488.0
488.0,486.0
489.0,489.0
487.0,489.0
487.0,487.0
489.0,490.0
489.0,492.0
487.0,491.0
488.0,489.0
489.0,490.0
488.0,491.0
487.0,491.0
487.0,491.0
490.0,490.0
489.0,490.0
486.0,491.0
488.0,490.0
490.0,490.0
488.0,492.0
487.0,490.0
489.0,489.0
489.0,491.0
488.0,491.0
487.0,490.0
489.0,489.0
489.0,490.0
488.0,491.0
487.0,490.0
489.0,489.0
489.0,490.0
488.0,489.0
488.0,490.0
489.0,493.0
489.0,489.0
487.0,488.0
488.0,487.0
489.0,489.0
488.0,490.0
486.0,489.0
488.0,488.0
489.0,488.0
488.0,489.0
486.0,490.0
488.0,488.0
489.0,488.0
487.0,490.0
487.0,489.0
488.0,488.0
488.0,490.0
487.0,490.0
486.0,488.0
488.0,489.0
488.0,487.0
487.0,487.0
487.0,486.0
488.0,488.0
488.0,489.0
486.0,487.0
487.0,487.0
488.0,488.0
487.0,489.0
486.0,488.0
487.0,488.0
488.0,492.0
486.0,498.0
484.0,489.0
485.0,481.0
488.0,484.0
485.0,488.0
483.0,487.0
486.0,482.0
487.0,489.0
484.0,489.0
483.0,486.0
485.0,487.0
485.0,489.0
483.0,488.0
482.0,488.0
484.0,493.0
484.0,491.0
482.0,489.0
482.0,493.0
483.0,489.0
484.0,484.0
483.0,480.0
483.0,483.0
483.0,487.0
483.0,488.0
483.0,487.0
482.0,486.0
482.0,488.0
481.0,488.0
480.0,488.0
482.0,487.0
484.0,488.0
481.0,489.0
480.0,486.0
482.0,487.0
484.0,490.0
481.0,488.0
480.0,486.0
482.0,487.0
482.0,491.0
480.0,488.0
480.0,487.0
481.0,489.0
481.0,491.0
480.0,488.0
479.0,487.0
480.0,489.0
480.0,489.0
479.0,486.0
479.0,486.0
481.0,488.0
480.0,490.0
478.0,488.0
480.0,488.0
481.0,489.0
477.0,490.0
475.0,489.0
478.0,488.0
479.0,491.0
477.0,491.0
476.0,489.0
478.0,490.0
477.0,491.0
474.0,490.0
475.0,489.0
478.0,490.0
475.0,492.0
477.0,490.0
477.0,488.0
477.0,491.0
479.0,491.0
479.0,489.0
480.0,489.0
482.0,491.0
482.0,489.0
482.0,491.0
482.0,489.0
485.0,490.0
485.0,492.0
485.0,491.0
485.0,490.0
488.0,490.0
487.0,492.0
486.0,490.0
488.0,490.0
489.0,491.0
489.0,491.0
487.0,489.0
488.0,491.0
489.0,493.0
489.0,491.0
488.0,489.0
490.0,491.0
490.0,492.0
489.0,490.0
489.0,489.0
491.0,491.0
491.0,492.0
490.0,490.0
491.0,490.0
492.0,491.0
492.0,491.0
490.0,491.0
492.0,490.0
494.0,490.0
492.0,491.0
490.0,491.0
493.0,490.0
495.0,491.0
492.0,491.0
491.0,489.0
493.0,490.0
494.0,491.0
492.0,491.0
493.0,489.0
492.0,490.0
494.0,492.0
492.0,491.0
491.0,489.0
493.0,491.0
493.0,492.0
492.0,490.0
492.0,489.0
493.0,491.0
493.0,492.0
492.0,490.0
492.0,489.0
494.0,490.0
493.0,491.0
491.0,490.0
492.0,490.0
494.0,491.0
492.0,492.0
490.0,490.0
493.0,490.0
493.0,491.0
491.0,491.0
491.0,489.0
491.0,491.0
493.0,492.0
491.0,491.0
491.0,489.0
493.0,491.0
493.0,493.0
490.0,490.0
491.0,490.0
492.0,492.0
492.0,493.0
490.0,491.0
490.0,490.0
491.0,492.0
491.0,492.0
491.0,492.0
489.0,491.0
492.0,491.0
491.0,491.0
492.0,489.0
491.0,488.0
492.0,490.0
490.0,492.0
490.0,489.0
491.0,490.0
492.0,492.0
490.0,492.0
489.0,490.0
492.0,491.0
492.0,492.0
490.0,492.0
490.0,490.0
491.0,492.0
491.0,494.0
491.0,491.0
491.0,490.0
491.0,492.0
491.0,494.0
490.0,492.0
491.0,491.0
492.0,492.0
491.0,492.0
490.0,491.0
490.0,491.0
492.0,491.0
491.0,492.0
489.0,491.0
491.0,491.0
492.0,492.0
490.0,492.0
490.0,491.0
491.0,492.0
492.0,493.0
490.0,492.0
490.0,490.0
491.0,492.0
492.0,493.0
490.0,491.0
490.0,490.0
492.0,492.0
491.0,493.0
490.0,491.0
491.0,490.0
491.0,492.0
492.0,492.0
490.0,492.0
491.0,491.0
492.0,492.0
492.0,492.0
489.0,492.0
491.0,491.0
493.0,492.0
490.0,493.0
490.0,491.0
492.0,491.0
493.0,492.0
491.0,492.0
490.0,490.0
492.0,491.0
492.0,492.0
490.0,491.0
488.0,491.0
492.0,492.0
491.0,493.0
490.0,491.0
490.0,490.0
492.0,493.0
491.0,492.0
490.0,491.0
490.0,491.0
492.0,492.0
491.0,492.0
490.0,492.0
491.0,491.0
492.0,492.0
490.0,492.0
489.0,492.0
490.0,491.0
493.0,493.0
489.0,492.0
489.0,491.0
491.0,492.0
492.0,493.0
490.0,492.0
490.0,491.0
490.0,492.0
491.0,493.0
490.0,492.0
490.0,490.0
490.0,493.0
490.0,493.0
490.0,491.0
490.0,491.0
490.0,493.0
490.0,493.0
490.0,492.0
490.0,491.0
490.0,492.0
490.0,493.0
489.0,493.0
490.0,492.0
492.0,492.0
490.0,493.0
489.0,492.0
490.0,492.0
492.0,493.0
490.0,492.0
489.0,492.0
489.0,492.0
490.0,493.0
490.0,492.0
489.0,490.0
490.0,491.0
490.0,492.0
490.0,491.0
490.0,490.0
490.0,493.0
490.0,493.0
489.0,492.0
490.0,491.0
490.0,493.0
490.0,493.0
489.0,492.0
490.0,492.0
491.0,492.0
490.0,493.0
488.0,492.0
490.0,492.0
491.0,493.0
490.0,493.0
488.0,492.0
489.0,492.0
489.0,493.0
489.0,493.0
489.0,492.0
490.0,492.0
490.0,493.0
489.0,493.0
489.0,491.0
490.0,493.0
490.0,493.0
489.0,492.0
489.0,491.0
490.0,493.0
489.0,494.0
488.0,491.0
489.0,491.0
489.0,493.0
490.0,493.0
487.0,492.0
489.0,492.0
490.0,492.0
489.0,493.0
487.0,492.0
489.0,492.0
490.0,492.0
488.0,493.0
487.0,491.0
489.0,492.0
489.0,493.0
488.0,492.0
487.0,490.0
489.0,492.0
489.0,493.0
488.0,492.0
487.0,490.0
489.0,493.0
489.0,493.0
488.0,491.0
488.0,491.0
489.0,493.0
489.0,493.0
488.0,492.0
488.0,491.0
489.0,492.0
488.0,492.0
487.0,492.0
488.0,491.0
490.0,492.0
488.0,493.0
486.0,492.0
488.0,492.0
489.0,493.0
488.0,493.0
486.0,492.0
489.0,492.0
488.0,493.0
487.0,492.0
487.0,491.0
488.0,492.0
489.0,493.0
487.0,492.0
487.0,491.0
488.0,493.0
488.0,493.0
487.0,492.0
487.0,491.0
488.0,492.0
488.0,493.0
487.0,492.0
488.0,492.0
489.0,492.0
488.0,493.0
486.0,492.0
488.0,491.0
488.0,493.0
488.0,493.0
486.0,491.0
488.0,492.0
489.0,493.0
487.0,492.0
486.0,491.0
488.0,493.0
489.0,493.0
487.0,492.0
486.0,490.0
488.0,492.0
487.0,494.0
486.0,492.0
486.0,491.0
488.0,493.0
488.0,492.0
487.0,490.0
487.0,490.0
488.0,491.0
487.0,492.0
486.0,492.0
487.0,491.0
489.0,491.0
488.0,493.0
486.0,492.0
487.0,492.0
489.0,493.0
487.0,492.0
486.0,491.0
488.0,492.0
488.0,493.0
487.0,492.0
486.0,491.0
488.0,492.0
489.0,493.0
487.0,492.0
487.0,490.0
488.0,493.0
487.0,493.0
487.0,491.0
487.0,491.0
488.0,492.0
488.0,492.0
487.0,492.0
487.0,491.0
489.0,492.0
488.0,492.0
486.0,492.0
488.0,491.0
489.0,492.0
488.0,492.0
485.0,491.0
488.0,492.0
489.0,493.0
487.0,492.0
486.0,491.0
488.0,492.0
488.0,493.0
487.0,492.0
487.0,490.0
488.0,493.0
489.0,493.0
487.0,492.0
487.0,491.0
488.0,493.0
488.0,493.0
487.0,492.0
487.0,491.0
488.0,492.0
488.0,493.0
486.0,493.0
487.0,491.0
489.0,492.0
488.0,493.0
486.0,492.0
488.0,491.0
489.0,492.0
487.0,492.0
486.0,491.0
488.0,492.0
489.0,493.0
487.0,492.0
486.0,491.0
488.0,492.0
488.0,494.0
487.0,492.0
486.0,490.0
488.0,493.0
488.0,493.0
487.0,492.0
487.0,491.0
488.0,493.0
487.0,493.0
487.0,492.0
487.0,491.0
488.0,492.0
487.0,493.0
485.0,492.0
487.0,492.0
489.0,492.0
487.0,493.0
485.0,492.0
487.0,492.0
488.0,493.0
486.0,493.0
485.0,491.0
487.0,492.0
488.0,493.0
486.0,492.0
485.0,491.0
488.0,493.0
487.0,494.0
486.0,492.0
485.0,491.0
487.0,493.0
487.0,493.0
486.0,491.0
486.0,491.0
487.0,493.0
486.0,493.0
484.0,492.0
486.0,491.0
487.0,492.0
486.0,492.0
484.0,492.0
486.0,491.0
488.0,492.0
486.0,491.0
484.0,489.0
487.0,490.0
487.0,493.0
485.0,492.0
485.0,490.0
486.0,492.0
487.0,493.0
485.0,492.0
485.0,491.0
486.0,493.0
486.0,493.0
485.0,492.0
485.0,491.0
486.0,493.0
486.0,493.0
485.0,492.0
485.0,491.0
486.0,492.0
485.0,493.0
484.0,492.0
486.0,491.0
487.0,492.0
485.0,493.0
484.0,492.0
485.0,492.0
487.0,493.0
485.0,493.0
483.0,491.0
486.0,492.0
487.0,493.0
485.0,492.0
484.0,491.0
486.0,493.0
487.0,494.0
485.0,492.0
485.0,491.0
486.0,493.0
486.0,494.0
485.0,492.0
485.0,491.0
487.0,493.0
486.0,493.0
485.0,493.0
486.0,492.0
487.0,492.0
486.0,493.0
484.0,493.0
486.0,492.0
488.0,493.0
486.0,493.0
484.0,492.0
486.0,492.0
488.0,493.0
485.0,492.0
485.0,491.0
487.0,492.0
487.0,494.0
486.0,493.0
485.0,491.0
487.0,493.0
487.0,494.0
485.0,492.0
486.0,491.0
487.0,493.0
487.0,493.0
485.0,492.0
486.0,491.0
487.0,492.0
487.0,493.0
485.0,492.0
486.0,492.0
487.0,493.0
487.0,494.0
485.0,492.0
486.0,492.0
489.0,493.0
486.0,492.0
484.0,492.0
487.0,493.0
488.0,493.0
486.0,493.0
485.0,491.0
487.0,492.0
488.0,494.0
485.0,492.0
486.0,491.0
487.0,493.0
487.0,494.0
486.0,492.0
487.0,491.0
487.0,493.0
487.0,493.0
486.0,493.0
486.0,492.0
487.0,493.0
487.0,493.0
485.0,493.0
486.0,492.0
488.0,493.0
486.0,493.0
484.0,492.0
486.0,492.0
488.0,493.0
486.0,493.0
484.0,492.0
487.0,493.0
488.0,494.0
486.0,491.0
485.0,489.0
487.0,491.0
488.0,493.0
486.0,491.0
486.0,490.0
488.0,492.0
487.0,493.0
486.0,492.0
487.0,491.0
487.0,492.0
487.0,493.0
486.0,493.0
487.0,492.0
488.0,492.0
487.0,493.0
486.0,493.0
486.0,492.0
489.0,493.0
487.0,493.0
485.0,491.0
487.0,492.0
489.0,493.0
486.0,493.0
485.0,491.0
487.0,493.0
488.0,494.0
486.0,492.0
486.0,491.0
487.0,493.0
487.0,493.0
486.0,492.0
486.0,491.0
487.0,492.0
487.0,493.0
486.0,492.0
486.0,492.0
487.0,492.0
486.0,493.0
485.0,493.0
486.0,492.0
488.0,492.0
486.0,493.0
485.0,492.0
486.0,492.0
488.0,493.0
486.0,493.0
485.0,491.0
487.0,492.0
488.0,493.0
486.0,492.0
485.0,491.0
487.0,493.0
488.0,494.0
486.0,492.0
485.0,491.0
487.0,493.0
487.0,494.0
486.0,492.0
486.0,491.0
487.0,493.0
487.0,493.0
486.0,493.0
486.0,492.0
487.0,492.0
486.0,493.0
485.0,492.0
486.0,492.0
489.0,492.0
487.0,493.0
485.0,492.0
487.0,492.0
489.0,493.0
486.0,492.0
485.0,491.0
487.0,492.0
488.0,493.0
486.0,493.0
485.0,491.0
487.0,493.0
488.0,494.0
485.0,492.0
486.0,491.0
487.0,493.0
487.0,493.0
486.0,492.0
486.0,491.0
487.0,492.0
487.0,493.0
485.0,492.0
486.0,492.0
487.0,492.0
487.0,493.0
485.0,492.0
486.0,491.0
488.0,493.0
486.0,493.0
484.0,491.0
486.0,492.0
488.0,494.0
485.0,493.0
485.0,491.0
486.0,492.0
487.0,494.0
485.0,492.0
485.0,491.0
486.0,493.0
487.0,493.0
485.0,492.0
486.0,492.0
487.0,493.0
487.0,492.0
486.0,490.0
486.0,489.0
487.0,490.0
487.0,492.0
486.0,492.0
486.0,491.0
488.0,492.0
486.0,493.0
485.0,491.0
486.0,492.0
488.0,493.0
486.0,492.0
484.0,491.0
487.0,492.0
487.0,494.0
486.0,493.0
485.0,491.0
487.0,492.0
487.0,493.0
486.0,492.0
485.0,491.0
487.0,493.0
487.0,493.0
485.0,492.0
486.0,491.0
487.0,492.0
486.0,493.0
485.0,493.0
486.0,492.0
487.0,492.0
486.0,493.0
484.0,492.0
485.0,491.0
487.0,493.0
486.0,492.0
484.0,492.0
486.0,492.0
488.0,493.0
486.0,493.0
484.0,491.0
486.0,492.0
487.0,493.0
485.0,492.0
485.0,491.0
486.0,493.0
487.0,493.0
485.0,491.0
485.0,491.0
486.0,493.0
486.0,493.0
485.0,492.0
486.0,491.0
486.0,492.0
486.0,492.0
485.0,493.0
485.0,492.0
487.0,492.0
486.0,493.0
484.0,492.0
485.0,492.0
488.0,492.0
485.0,492.0
483.0,491.0
486.0,492.0
487.0,494.0
485.0,492.0
484.0,491.0
486.0,493.0
487.0,493.0
485.0,492.0
485.0,491.0
486.0,493.0
486.0,493.0
485.0,492.0
485.0,491.0
486.0,492.0
486.0,493.0
