490.0,491.0
489.0,491.0
489.0,492.0
488.0,492.0
488.0,492.0
488.0,492.0
489.0,492.0
489.0,492.0
489.0,492.0
489.0,491.0
489.0,492.0
490.0,490.0
490.0,491.0
492.0,491.0
491.0,493.0
489.0,493.0
491.0,493.0
493.0,493.0
491.0,493.0
488.0,493.0
491.0,493.0
493.0,493.0
490.0,493.0
489.0,493.0
492.0,492.0
492.0,493.0
489.0,493.0
489.0,493.0
492.0,493.0
491.0,494.0
489.0,493.0
490.0,496.0
492.0,493.0
490.0,493.0
489.0,494.0
490.0,493.0
491.0,493.0
490.0,493.0
489.0,494.0
489.0,493.0
492.0,493.0
490.0,494.0
488.0,494.0
491.0,493.0
493.0,493.0
490.0,493.0
488.0,493.0
491.0,493.0
492.0,493.0
489.0,493.0
489.0,493.0
492.0,492.0
491.0,494.0
489.0,493.0
489.0,493.0
491.0,493.0
491.0,493.0
490.0,493.0
490.0,493.0
492.0,493.0
490.0,493.0
489.0,493.0
490.0,492.0
491.0,493.0
490.0,493.0
489.0,493.0
490.0,493.0
493.0,493.0
490.0,493.0
488.0,493.0
491.0,493.0
493.0,493.0
489.0,493.0
489.0,493.0
491.0,492.0
492.0,493.0
489.0,493.0
489.0,492.0
491.0,492.0
491.0,493.0
489.0,493.0
490.0,493.0
491.0,492.0
490.0,493.0
488.0,493.0
490.0,492.0
491.0,492.0
490.0,493.0
489.0,493.0
489.0,493.0
492.0,492.0
489.0,493.0
488.0,493.0
490.0,492.0
492.0,492.0
489.0,493.0
488.0,493.0
491.0,492.0
491.0,493.0
489.0,493.0
489.0,493.0
491.0,492.0
491.0,494.0
489.0,493.0
491.0,492.0
491.0,493.0
490.0,493.0
489.0,493.0
490.0,492.0
491.0,492.0
490.0,493.0
489.0,493.0
489.0,493.0
492.0,493.0
490.0,493.0
488.0,493.0
490.0,493.0
493.0,493.0
490.0,493.0
487.0,493.0
491.0,492.0
491.0,493.0
489.0,493.0
489.0,492.0
491.0,493.0
491.0,493.0
489.0,494.0
489.0,492.0
491.0,493.0
490.0,493.0
489.0,493.0
489.0,493.0
491.0,493.0
490.0,493.0
489.0,494.0
489.0,492.0
491.0,491.0
490.0,489.0
488.0,491.0
490.0,492.0
492.0,492.0
490.0,492.0
487.0,493.0
490.0,492.0
495.0,493.0
489.0,493.0
488.0,493.0
491.0,492.0
491.0,493.0
489.0,494.0
488.0,492.0
491.0,492.0
490.0,493.0
489.0,493.0
490.0,493.0
491.0,492.0
490.0,492.0
489.0,493.0
489.0,492.0
491.0,492.0
490.0,493.0
488.0,493.0
489.0,493.0
492.0,493.0
491.0,493.0
487.0,493.0
490.0,493.0
492.0,492.0
488.0,493.0
488.0,493.0
490.0,493.0
491.0,494.0
488.0,494.0
489.0,493.0
490.0,493.0
491.0,493.0
488.0,493.0
489.0,493.0
491.0,492.0
490.0,493.0
489.0,494.0
489.0,492.0
491.0,492.0
490.0,493.0
489.0,493.0
489.0,493.0
492.0,492.0
490.0,493.0
488.0,493.0
490.0,492.0
492.0,492.0
490.0,493.0
488.0,493.0
491.0,492.0
492.0,493.0
489.0,493.0
489.0,493.0
491.0,493.0
492.0,493.0
489.0,493.0
489.0,493.0
491.0,493.0
491.0,493.0
489.0,494.0
490.0,493.0
491.0,493.0
490.0,493.0
489.0,493.0
490.0,492.0
491.0,493.0
490.0,493.0
488.0,493.0
490.0,493.0
493.0,493.0
490.0,493.0
488.0,493.0
491.0,493.0
492.0,493.0
489.0,493.0
488.0,493.0
491.0,493.0
492.0,493.0
489.0,493.0
489.0,492.0
491.0,492.0
491.0,493.0
489.0,493.0
490.0,493.0
491.0,493.0
490.0,493.0
489.0,494.0
490.0,492.0
491.0,493.0
490.0,493.0
489.0,493.0
490.0,493.0
493.0,493.0
490.0,493.0
488.0,493.0
490.0,492.0
492.0,492.0
489.0,493.0
488.0,493.0
491.0,493.0
492.0,493.0
489.0,493.0
489.0,493.0
491.0,493.0
491.0,494.0
489.0,494.0
490.0,493.0
491.0,492.0
490.0,492.0
489.0,491.0
489.0,490.0
491.0,491.0
490.0,492.0
489.0,493.0
489.0,492.0
492.0,492.0
490.0,493.0
488.0,493.0
490.0,493.0
493.0,492.0
490.0,493.0
488.0,493.0
491.0,494.0
493.0,493.0
489.0,493.0
489.0,492.0
491.0,492.0
491.0,493.0
489.0,493.0
489.0,493.0
491.0,492.0
490.0,493.0
489.0,493.0
492.0,492.0
491.0,492.0
490.0,493.0
489.0,493.0
490.0,492.0
491.0,492.0
490.0,493.0
489.0,493.0
490.0,493.0
492.0,493.0
490.0,493.0
488.0,493.0
490.0,493.0
492.0,493.0
489.0,494.0
489.0,492.0
491.0,493.0
491.0,494.0
489.0,494.0
489.0,493.0
491.0,493.0
490.0,493.0
489.0,493.0
490.0,493.0
491.0,493.0
490.0,492.0
488.0,493.0
489.0,493.0
491.0,493.0
490.0,493.0
489.0,493.0
490.0,494.0
492.0,493.0
490.0,493.0
488.0,493.0
490.0,493.0
492.0,493.0
489.0,494.0
488.0,492.0
491.0,492.0
491.0,493.0
489.0,493.0
489.0,493.0
491.0,493.0
491.0,493.0
489.0,493.0
489.0,493.0
492.0,492.0
490.0,493.0
489.0,494.0
490.0,493.0
491.0,493.0
490.0,492.0
490.0,493.0
490.0,493.0
492.0,494.0
490.0,493.0
488.0,494.0
490.0,493.0
493.0,493.0
490.0,493.0
488.0,493.0
491.0,493.0
492.0,493.0
489.0,493.0
489.0,492.0
491.0,492.0
491.0,494.0
489.0,493.0
490.0,493.0
492.0,493.0
491.0,493.0
489.0,494.0
490.0,493.0
491.0,493.0
490.0,493.0
488.0,494.0
490.0,493.0
491.0,493.0
490.0,493.0
488.0,493.0
489.0,492.0
492.0,493.0
490.0,494.0
487.0,494.0
490.0,493.0
493.0,495.0
489.0,494.0
488.0,492.0
491.0,491.0
491.0,492.0
489.0,492.0
489.0,492.0
491.0,492.0
491.0,493.0
489.0,493.0
490.0,492.0
491.0,493.0
489.0,493.0
488.0,494.0
489.0,493.0
491.0,493.0
490.0,493.0
489.0,494.0
489.0,493.0
492.0,493.0
489.0,494.0
487.0,493.0
490.0,493.0
493.0,493.0
489.0,494.0
488.0,493.0
491.0,493.0
491.0,494.0
489.0,493.0
489.0,493.0
491.0,493.0
491.0,494.0
489.0,494.0
489.0,493.0
491.0,493.0
489.0,494.0
489.0,494.0
490.0,493.0
491.0,492.0
490.0,493.0
488.0,493.0
489.0,493.0
491.0,493.0
490.0,494.0
487.0,494.0
490.0,493.0
493.0,493.0
489.0,494.0
488.0,493.0
491.0,493.0
491.0,494.0
489.0,497.0
489.0,493.0
490.0,493.0
491.0,494.0
489.0,493.0
489.0,493.0
491.0,493.0
490.0,493.0
489.0,494.0
490.0,493.0
491.0,493.0
490.0,493.0
489.0,494.0
490.0,493.0
491.0,493.0
490.0,494.0
488.0,493.0
490.0,493.0
492.0,493.0
490.0,493.0
487.0,494.0
490.0,493.0
492.0,494.0
489.0,494.0
488.0,493.0
490.0,493.0
491.0,493.0
489.0,493.0
488.0,493.0
491.0,493.0
490.0,493.0
489.0,494.0
490.0,493.0
490.0,493.0
490.0,493.0
488.0,493.0
489.0,493.0
491.0,493.0
490.0,493.0
488.0,494.0
489.0,493.0
492.0,493.0
490.0,494.0
488.0,493.0
490.0,493.0
492.0,493.0
490.0,494.0
488.0,492.0
490.0,492.0
491.0,494.0
488.0,494.0
489.0,493.0
491.0,493.0
491.0,493.0
488.0,494.0
490.0,493.0
491.0,493.0
490.0,493.0
489.0,493.0
489.0,492.0
491.0,493.0
490.0,494.0
489.0,494.0
490.0,493.0
492.0,491.0
489.0,491.0
488.0,491.0
490.0,491.0
493.0,492.0
490.0,493.0
488.0,492.0
491.0,492.0
492.0,493.0
489.0,494.0
489.0,493.0
491.0,493.0
491.0,494.0
489.0,494.0
489.0,493.0
491.0,493.0
490.0,494.0
489.0,494.0
489.0,493.0
491.0,493.0
490.0,493.0
489.0,494.0
490.0,490.0
491.0,493.0
490.0,493.0
488.0,493.0
489.0,493.0
493.0,493.0
489.0,494.0
488.0,493.0
491.0,492.0
493.0,494.0
489.0,494.0
489.0,493.0
491.0,493.0
491.0,494.0
489.0,493.0
489.0,493.0
491.0,492.0
491.0,493.0
489.0,494.0
490.0,493.0
491.0,493.0
490.0,494.0
489.0,494.0
490.0,493.0
490.0,493.0
490.0,494.0
489.0,493.0
490.0,493.0
492.0,493.0
489.0,494.0
487.0,493.0
490.0,492.0
493.0,494.0
489.0,495.0
488.0,493.0
491.0,493.0
492.0,494.0
489.0,493.0
489.0,493.0
491.0,493.0
491.0,493.0
489.0,494.0
486.0,494.0
491.0,493.0
490.0,494.0
489.0,494.0
490.0,493.0
491.0,493.0
490.0,493.0
489.0,494.0
490.0,493.0
492.0,493.0
490.0,494.0
488.0,494.0
490.0,493.0
492.0,494.0
490.0,494.0
488.0,493.0
491.0,493.0
492.0,495.0
490.0,494.0
489.0,493.0
491.0,493.0
491.0,493.0
489.0,494.0
489.0,494.0
491.0,493.0
490.0,494.0
489.0,493.0
490.0,493.0
491.0,493.0
490.0,493.0
489.0,494.0
489.0,493.0
491.0,493.0
490.0,493.0
489.0,493.0
490.0,493.0
492.0,493.0
490.0,494.0
487.0,492.0
490.0,493.0
493.0,494.0
489.0,494.0
489.0,493.0
491.0,493.0
491.0,493.0
490.0,494.0
489.0,493.0
492.0,493.0
491.0,493.0
489.0,494.0
489.0,494.0
491.0,493.0
490.0,493.0
489.0,493.0
490.0,491.0
492.0,492.0
490.0,492.0
489.0,492.0
490.0,492.0
493.0,492.0
490.0,493.0
488.0,493.0
491.0,493.0
493.0,494.0
490.0,494.0
489.0,493.0
491.0,492.0
492.0,494.0
490.0,494.0
489.0,493.0
492.0,493.0
491.0,493.0
489.0,494.0
490.0,493.0
492.0,493.0
490.0,494.0
490.0,494.0
490.0,493.0
492.0,493.0
491.0,494.0
490.0,494.0
490.0,493.0
493.0,493.0
490.0,494.0
489.0,493.0
488.0,493.0
493.0,494.0
490.0,494.0
488.0,493.0
492.0,493.0
492.0,494.0
490.0,494.0
490.0,493.0
492.0,493.0
492.0,493.0
490.0,494.0
489.0,493.0
492.0,493.0
491.0,494.0
490.0,494.0
491.0,493.0
492.0,493.0
490.0,492.0
490.0,493.0
490.0,493.0
492.0,493.0
490.0,493.0
489.0,493.0
490.0,493.0
493.0,494.0
490.0,494.0
488.0,492.0
492.0,492.0
493.0,494.0
490.0,494.0
490.0,492.0
492.0,492.0
492.0,493.0
490.0,493.0
490.0,492.0
492.0,493.0
491.0,493.0
490.0,493.0
490.0,493.0
492.0,492.0
491.0,493.0
490.0,493.0
490.0,493.0
492.0,493.0
490.0,493.0
490.0,493.0
491.0,492.0
493.0,493.0
490.0,493.0
488.0,493.0
491.0,491.0
493.0,493.0
490.0,493.0
489.0,492.0
492.0,493.0
492.0,493.0
490.0,493.0
490.0,493.0
492.0,493.0
492.0,493.0
490.0,493.0
490.0,492.0
492.0,492.0
491.0,493.0
489.0,493.0
490.0,493.0
492.0,492.0
490.0,493.0
490.0,493.0
490.0,492.0
492.0,492.0
490.0,492.0
488.0,493.0
490.0,492.0
493.0,493.0
490.0,493.0
488.0,492.0
491.0,492.0
491.0,493.0
489.0,493.0
489.0,493.0
491.0,492.0
491.0,493.0
489.0,493.0
489.0,493.0
491.0,493.0
491.0,493.0
489.0,493.0
490.0,493.0
492.0,493.0
490.0,493.0
489.0,493.0
490.0,491.0
491.0,490.0
490.0,491.0
488.0,491.0
490.0,491.0
493.0,493.0
490.0,492.0
488.0,491.0
491.0,492.0
492.0,493.0
489.0,493.0
488.0,492.0
491.0,493.0
491.0,493.0
489.0,494.0
489.0,493.0
491.0,493.0
491.0,493.0
489.0,493.0
490.0,493.0
491.0,493.0
490.0,493.0
489.0,493.0
490.0,492.0
491.0,493.0
490.0,493.0
488.0,493.0
489.0,493.0
492.0,494.0
490.0,493.0
487.0,493.0
492.0,493.0
493.0,493.0
489.0,493.0
488.0,493.0
491.0,493.0
491.0,492.0
489.0,492.0
489.0,492.0
491.0,492.0
491.0,492.0
489.0,493.0
490.0,493.0
491.0,492.0
490.0,492.0
489.0,493.0
489.0,493.0
491.0,493.0
490.0,493.0
489.0,493.0
489.0,493.0
492.0,493.0
490.0,493.0
488.0,492.0
490.0,493.0
492.0,493.0
490.0,493.0
488.0,493.0
491.0,493.0
492.0,493.0
489.0,493.0
489.0,492.0
491.0,492.0
491.0,493.0
489.0,493.0
489.0,493.0
491.0,492.0
490.0,492.0
489.0,493.0
489.0,492.0
491.0,492.0
490.0,493.0
489.0,493.0
489.0,492.0
491.0,492.0
490.0,493.0
488.0,492.0
490.0,492.0
493.0,493.0
490.0,493.0
487.0,493.0
491.0,492.0
492.0,493.0
489.0,493.0
488.0,492.0
490.0,492.0
491.0,493.0
489.0,493.0
488.0,492.0
491.0,492.0
490.0,491.0
488.0,493.0
489.0,492.0
490.0,493.0
490.0,493.0
489.0,493.0
490.0,493.0
491.0,493.0
489.0,493.0
488.0,492.0
490.0,492.0
492.0,493.0
489.0,493.0
487.0,492.0
490.0,492.0
492.0,493.0
489.0,493.0
487.0,493.0
490.0,493.0
490.0,492.0
488.0,493.0
488.0,492.0
490.0,493.0
490.0,492.0
488.0,493.0
489.0,493.0
490.0,492.0
490.0,493.0
488.0,493.0
489.0,493.0
490.0,493.0
489.0,494.0
488.0,493.0
489.0,491.0
491.0,492.0
489.0,491.0
487.0,490.0
490.0,491.0
491.0,492.0
489.0,492.0
487.0,492.0
490.0,492.0
491.0,493.0
488.0,493.0
489.0,493.0
490.0,492.0
490.0,493.0
488.0,494.0
489.0,493.0
490.0,492.0
490.0,493.0
488.0,494.0
490.0,493.0
491.0,493.0
490.0,493.0
488.0,493.0
490.0,492.0
490.0,493.0
490.0,494.0
487.0,493.0
490.0,492.0
492.0,494.0
489.0,494.0
487.0,492.0
490.0,493.0
492.0,493.0
489.0,493.0
487.0,493.0
490.0,492.0
491.0,493.0
488.0,493.0
489.0,493.0
490.0,493.0
490.0,492.0
488.0,494.0
489.0,493.0
491.0,493.0
489.0,493.0
488.0,493.0
490.0,495.0
491.0,492.0
490.0,494.0
488.0,493.0
490.0,492.0
492.0,494.0
490.0,494.0
487.0,492.0
490.0,492.0
492.0,493.0
488.0,493.0
487.0,493.0
490.0,493.0
490.0,493.0
489.0,493.0
489.0,492.0
491.0,492.0
491.0,493.0
488.0,493.0
489.0,493.0
491.0,493.0
490.0,492.0
488.0,493.0
489.0,493.0
490.0,492.0
490.0,493.0
488.0,493.0
490.0,493.0
491.0,494.0
489.0,494.0
486.0,493.0
489.0,493.0
492.0,493.0
489.0,493.0
487.0,493.0
490.0,493.0
490.0,493.0
488.0,494.0
487.0,492.0
490.0,493.0
490.0,493.0
488.0,493.0
488.0,493.0
490.0,492.0
490.0,493.0
488.0,493.0
489.0,493.0
490.0,493.0
489.0,493.0
488.0,493.0
490.0,493.0
490.0,494.0
489.0,494.0
487.0,492.0
489.0,492.0
491.0,493.0
489.0,493.0
486.0,492.0
490.0,492.0
491.0,493.0
488.0,493.0
488.0,493.0
490.0,493.0
490.0,493.0
488.0,493.0
488.0,493.0
490.0,492.0
489.0,493.0
488.0,493.0
489.0,493.0
490.0,493.0
490.0,493.0
488.0,494.0
489.0,493.0
490.0,493.0
489.0,493.0
487.0,493.0
489.0,492.0
492.0,494.0
489.0,493.0
484.0,493.0
489.0,493.0
492.0,493.0
488.0,493.0
488.0,492.0
491.0,490.0
491.0,491.0
488.0,492.0
488.0,492.0
490.0,492.0
490.0,492.0
488.0,493.0
488.0,493.0
490.0,493.0
490.0,493.0
488.0,493.0
490.0,492.0
490.0,492.0
490.0,493.0
488.0,493.0
490.0,493.0
491.0,494.0
489.0,494.0
487.0,493.0
489.0,492.0
492.0,493.0
489.0,493.0
487.0,493.0
491.0,493.0
490.0,493.0
488.0,494.0
488.0,493.0
490.0,493.0
490.0,492.0
488.0,494.0
488.0,493.0
490.0,492.0
490.0,493.0
488.0,493.0
489.0,493.0
490.0,493.0
490.0,493.0
488.0,493.0
490.0,493.0
490.0,494.0
489.0,494.0
487.0,493.0
489.0,493.0
492.0,494.0
489.0,493.0
487.0,493.0
490.0,492.0
492.0,493.0
488.0,493.0
488.0,493.0
490.0,492.0
490.0,493.0
488.0,494.0
488.0,493.0
491.0,493.0
490.0,493.0
489.0,493.0
489.0,493.0
491.0,493.0
490.0,493.0
488.0,493.0
490.0,492.0
491.0,494.0
490.0,494.0
488.0,493.0
489.0,492.0
491.0,494.0
489.0,493.0
487.0,493.0
490.0,492.0
492.0,492.0
488.0,494.0
488.0,493.0
490.0,493.0
491.0,493.0
488.0,493.0
488.0,492.0
490.0,492.0
490.0,493.0
488.0,494.0
489.0,492.0
491.0,493.0
490.0,494.0
488.0,493.0
489.0,492.0
490.0,493.0
489.0,494.0
488.0,493.0
489.0,493.0
491.0,494.0
488.0,493.0
487.0,493.0
490.0,493.0
491.0,494.0
489.0,494.0
487.0,494.0
490.0,493.0
490.0,493.0
488.0,494.0
488.0,493.0
490.0,493.0
490.0,493.0
488.0,494.0
488.0,493.0
490.0,493.0
490.0,493.0
487.0,493.0
489.0,493.0
490.0,493.0
490.0,494.0
487.0,493.0
489.0,492.0
490.0,494.0
488.0,494.0
486.0,493.0
489.0,493.0
491.0,494.0
489.0,494.0
486.0,493.0
490.0,493.0
491.0,493.0
488.0,494.0
488.0,493.0
490.0,493.0
490.0,494.0
487.0,494.0
488.0,493.0
490.0,492.0
490.0,492.0
488.0,492.0
489.0,491.0
490.0,492.0
489.0,493.0
488.0,493.0
489.0,492.0
490.0,494.0
489.0,493.0
487.0,493.0
489.0,493.0
491.0,495.0
489.0,494.0
486.0,493.0
490.0,493.0
491.0,493.0
488.0,493.0
487.0,493.0
491.0,493.0
490.0,494.0
488.0,494.0
487.0,493.0
490.0,493.0
489.0,493.0
488.0,494.0
488.0,493.0
490.0,493.0
489.0,493.0
488.0,493.0
489.0,493.0
490.0,494.0
489.0,494.0
488.0,493.0
489.0,493.0
491.0,494.0
490.0,494.0
486.0,493.0
489.0,493.0
492.0,494.0
488.0,494.0
487.0,493.0
490.0,493.0
490.0,494.0
488.0,494.0
488.0,493.0
490.0,493.0
491.0,493.0
488.0,494.0
488.0,493.0
490.0,492.0
490.0,494.0
488.0,494.0
489.0,491.0
490.0,493.0
489.0,494.0
488.0,493.0
489.0,492.0
490.0,494.0
490.0,494.0
487.0,493.0
490.0,493.0
492.0,493.0
489.0,493.0
487.0,493.0
489.0,493.0
491.0,493.0
488.0,494.0
488.0,493.0
490.0,493.0
490.0,493.0
488.0,494.0
488.0,493.0
490.0,493.0
490.0,493.0
487.0,494.0
489.0,493.0
490.0,493.0
489.0,494.0
488.0,493.0
490.0,493.0
490.0,495.0
490.0,493.0
487.0,493.0
489.0,493.0
491.0,494.0
489.0,493.0
487.0,493.0
489.0,493.0
491.0,493.0
488.0,494.0
487.0,493.0
490.0,493.0
490.0,493.0
488.0,494.0
488.0,493.0
490.0,493.0
490.0,493.0
488.0,493.0
489.0,493.0
490.0,493.0
489.0,494.0
488.0,493.0
489.0,493.0
490.0,494.0
490.0,494.0
488.0,493.0
489.0,493.0
491.0,494.0
489.0,494.0
487.0,493.0
490.0,493.0
492.0,492.0
489.0,493.0
487.0,493.0
490.0,493.0
491.0,493.0
488.0,493.0
488.0,493.0
489.0,493.0
490.0,493.0
488.0,494.0
488.0,493.0
490.0,493.0
489.0,494.0
488.0,493.0
489.0,493.0
490.0,493.0
489.0,495.0
488.0,493.0
489.0,493.0
490.0,495.0
489.0,494.0
487.0,492.0
488.0,491.0
492.0,491.0
489.0,492.0
487.0,492.0
490.0,491.0
491.0,493.0
488.0,493.0
488.0,493.0
490.0,492.0
490.0,492.0
488.0,493.0
489.0,493.0
491.0,493.0
490.0,493.0
488.0,494.0
489.0,493.0
490.0,493.0
490.0,494.0
488.0,493.0
490.0,493.0
490.0,494.0
489.0,493.0
487.0,492.0
489.0,493.0
491.0,493.0
489.0,494.0
486.0,493.0
489.0,493.0
491.0,494.0
488.0,494.0
488.0,493.0
490.0,493.0
490.0,493.0
488.0,494.0
488.0,494.0
490.0,493.0
491.0,494.0
488.0,494.0
489.0,493.0
490.0,493.0
490.0,493.0
488.0,493.0
489.0,493.0
490.0,494.0
489.0,493.0
488.0,492.0
489.0,493.0
491.0,494.0
489.0,494.0
490.0,493.0
489.0,493.0
491.0,494.0
488.0,494.0
486.0,493.0
490.0,493.0
490.0,494.0
488.0,493.0
488.0,493.0
491.0,493.0
491.0,493.0
488.0,493.0
488.0,493.0
490.0,493.0
490.0,494.0
488.0,493.0
489.0,492.0
490.0,494.0
490.0,494.0
488.0,493.0
489.0,493.0
491.0,494.0
490.0,493.0
488.0,493.0
490.0,492.0
492.0,493.0
489.0,493.0
487.0,492.0
490.0,493.0
491.0,493.0
489.0,493.0
488.0,492.0
490.0,493.0
490.0,493.0
488.0,493.0
489.0,493.0
491.0,493.0
490.0,493.0
488.0,494.0
489.0,491.0
491.0,494.0
489.0,493.0
488.0,493.0
490.0,492.0
490.0,494.0
489.0,494.0
488.0,493.0
489.0,493.0
492.0,493.0
490.0,493.0
486.0,493.0
489.0,492.0
491.0,495.0
488.0,493.0
488.0,493.0
490.0,492.0
490.0,493.0
488.0,493.0
488.0,493.0
490.0,492.0
490.0,493.0
487.0,493.0
489.0,493.0
490.0,493.0
490.0,493.0
488.0,492.0
489.0,492.0
490.0,494.0
490.0,493.0
488.0,492.0
490.0,493.0
491.0,493.0
490.0,493.0
486.0,493.0
489.0,493.0
490.0,493.0
488.0,493.0
487.0,493.0
489.0,493.0
490.0,493.0
488.0,494.0
488.0,493.0
490.0,493.0
490.0,493.0
488.0,494.0
489.0,493.0
490.0,494.0
489.0,494.0
488.0,493.0
490.0,492.0
490.0,493.0
489.0,492.0
488.0,491.0
490.0,491.0
491.0,493.0
490.0,492.0
487.0,493.0
489.0,492.0
492.0,492.0
489.0,494.0
487.0,493.0
490.0,493.0
491.0,494.0
488.0,493.0
488.0,493.0
490.0,493.0
491.0,493.0
488.0,494.0
488.0,492.0
491.0,493.0
490.0,495.0
488.0,494.0
489.0,493.0
490.0,494.0
490.0,494.0
488.0,493.0
489.0,493.0
490.0,494.0
490.0,493.0
487.0,493.0
490.0,493.0
491.0,493.0
490.0,494.0
487.0,493.0
489.0,493.0
492.0,494.0
488.0,494.0
488.0,493.0
490.0,493.0
491.0,493.0
488.0,494.0
488.0,493.0
491.0,493.0
490.0,494.0
488.0,494.0
489.0,493.0
490.0,493.0
489.0,494.0
488.0,492.0
489.0,493.0
490.0,494.0
489.0,493.0
488.0,493.0
490.0,493.0
491.0,493.0
489.0,494.0
487.0,493.0
489.0,493.0
492.0,494.0
489.0,493.0
487.0,494.0
490.0,493.0
490.0,493.0
489.0,494.0
489.0,493.0
490.0,493.0
490.0,493.0
488.0,494.0
489.0,493.0
490.0,493.0
488.0,494.0
488.0,493.0
489.0,493.0
491.0,494.0
490.0,494.0
488.0,493.0
490.0,493.0
491.0,493.0
490.0,494.0
487.0,493.0
490.0,493.0
492.0,493.0
489.0,494.0
487.0,492.0
490.0,493.0
491.0,493.0
488.0,494.0
488.0,493.0
490.0,493.0
491.0,492.0
488.0,493.0
488.0,493.0
490.0,493.0
489.0,493.0
488.0,493.0
489.0,493.0
490.0,494.0
490.0,494.0
488.0,492.0
489.0,493.0
490.0,493.0
490.0,494.0
487.0,493.0
490.0,493.0
491.0,493.0
489.0,493.0
486.0,493.0
490.0,493.0
492.0,493.0
488.0,494.0
488.0,493.0
490.0,493.0
491.0,493.0
488.0,493.0
488.0,493.0
490.0,493.0
490.0,494.0
487.0,493.0
488.0,492.0
490.0,494.0
489.0,494.0
488.0,492.0
489.0,493.0
490.0,494.0
490.0,493.0
488.0,493.0
489.0,493.0
491.0,493.0
489.0,494.0
487.0,493.0
489.0,493.0
491.0,493.0
488.0,493.0
487.0,492.0
490.0,493.0
490.0,493.0
488.0,493.0
488.0,493.0
490.0,493.0
490.0,494.0
488.0,494.0
488.0,492.0
491.0,492.0
490.0,492.0
488.0,491.0
489.0,491.0
490.0,492.0
490.0,492.0
488.0,492.0
489.0,493.0
490.0,493.0
489.0,493.0
486.0,493.0
490.0,492.0
492.0,493.0
489.0,494.0
487.0,493.0
490.0,493.0
491.0,493.0
488.0,493.0
488.0,493.0
490.0,493.0
491.0,494.0
488.0,494.0
489.0,493.0
491.0,493.0
490.0,494.0
488.0,492.0
489.0,493.0
490.0,494.0
489.0,494.0
488.0,493.0
489.0,493.0
490.0,494.0
490.0,494.0
487.0,494.0
489.0,493.0
492.0,493.0
489.0,494.0
487.0,493.0
489.0,493.0
491.0,494.0
488.0,494.0
488.0,493.0
490.0,493.0
490.0,493.0
488.0,494.0
488.0,492.0
490.0,493.0
489.0,494.0
488.0,492.0
489.0,492.0
490.0,494.0
489.0,494.0
488.0,492.0
489.0,493.0
490.0,493.0
489.0,493.0
487.0,493.0
489.0,492.0
491.0,492.0
489.0,494.0
486.0,493.0
489.0,493.0
492.0,493.0
488.0,494.0
487.0,493.0
490.0,493.0
490.0,494.0
488.0,494.0
487.0,493.0
490.0,493.0
490.0,494.0
488.0,493.0
488.0,492.0
490.0,494.0
490.0,494.0
488.0,493.0
489.0,493.0
490.0,493.0
489.0,493.0
488.0,493.0
490.0,493.0
491.0,493.0
489.0,493.0
487.0,493.0
489.0,493.0
492.0,493.0
489.0,493.0
487.0,493.0
490.0,493.0
491.0,493.0
488.0,493.0
488.0,492.0
490.0,492.0
491.0,493.0
488.0,494.0
488.0,493.0
491.0,494.0
489.0,494.0
488.0,493.0
489.0,492.0
490.0,494.0
490.0,494.0
488.0,492.0
489.0,493.0
490.0,493.0
489.0,494.0
488.0,493.0
489.0,492.0
492.0,493.0
489.0,493.0
487.0,492.0
489.0,493.0
491.0,493.0
488.0,494.0
488.0,492.0
490.0,493.0
491.0,493.0
488.0,493.0
488.0,492.0
490.0,493.0
490.0,493.0
488.0,493.0
489.0,493.0
491.0,494.0
490.0,494.0
488.0,493.0
489.0,493.0
490.0,493.0
490.0,494.0
488.0,493.0
489.0,492.0
491.0,493.0
489.0,493.0
486.0,493.0
489.0,493.0
491.0,493.0
488.0,494.0
487.0,493.0
489.0,493.0
490.0,493.0
488.0,493.0
488.0,493.0
490.0,492.0
490.0,494.0
488.0,493.0
488.0,493.0
490.0,494.0
490.0,493.0
488.0,491.0
489.0,490.0
490.0,492.0
489.0,492.0
488.0,492.0
489.0,492.0
490.0,493.0
489.0,493.0
487.0,493.0
489.0,492.0
491.0,493.0
489.0,493.0
486.0,494.0
489.0,493.0
491.0,493.0
488.0,493.0
488.0,492.0
490.0,493.0
491.0,493.0
488.0,494.0
488.0,493.0
491.0,493.0
490.0,494.0
488.0,493.0
489.0,493.0
490.0,494.0
489.0,493.0
488.0,493.0
489.0,493.0
490.0,493.0
490.0,493.0
488.0,493.0
489.0,492.0
492.0,493.0
490.0,494.0
487.0,493.0
490.0,493.0
492.0,493.0
488.0,494.0
488.0,493.0
490.0,493.0
491.0,493.0
488.0,493.0
488.0,493.0
490.0,494.0
490.0,496.0
488.0,492.0
489.0,492.0
490.0,493.0
490.0,493.0
488.0,492.0
490.0,492.0
491.0,493.0
490.0,493.0
488.0,493.0
490.0,493.0
491.0,493.0
489.0,493.0
487.0,492.0
489.0,492.0
492.0,493.0
488.0,493.0
487.0,493.0
490.0,493.0
491.0,493.0
488.0,493.0
488.0,493.0
490.0,493.0
491.0,493.0
488.0,492.0
489.0,493.0
490.0,494.0
490.0,494.0
488.0,493.0
489.0,493.0
490.0,493.0
490.0,494.0
488.0,493.0
489.0,492.0
490.0,493.0
489.0,493.0
487.0,493.0
489.0,493.0
492.0,493.0
489.0,493.0
487.0,493.0
490.0,493.0
491.0,493.0
488.0,493.0
488.0,493.0
490.0,493.0
490.0,493.0
488.0,493.0
488.0,493.0
490.0,493.0
489.0,493.0
488.0,493.0
489.0,493.0
490.0,493.0
490.0,493.0
488.0,493.0
489.0,492.0
490.0,492.0
489.0,493.0
487.0,493.0
489.0,493.0
491.0,493.0
490.0,493.0
487.0,492.0
489.0,492.0
492.0,493.0
488.0,493.0
488.0,493.0
490.0,493.0
490.0,493.0
488.0,492.0
488.0,493.0
490.0,492.0
490.0,494.0
488.0,492.0
488.0,493.0
490.0,493.0
490.0,493.0
488.0,492.0
490.0,493.0
490.0,493.0
490.0,493.0
488.0,492.0
489.0,493.0
491.0,493.0
491.0,493.0
486.0,493.0
489.0,493.0
491.0,493.0
488.0,493.0
487.0,493.0
490.0,493.0
491.0,493.0
488.0,492.0
488.0,493.0
490.0,494.0
490.0,494.0
488.0,493.0
488.0,492.0
490.0,492.0
490.0,492.0
488.0,490.0
490.0,491.0
490.0,492.0
489.0,492.0
488.0,492.0
489.0,492.0
490.0,493.0
489.0,493.0
487.0,493.0
489.0,493.0
492.0,492.0
490.0,493.0
487.0,493.0
490.0,493.0
492.0,493.0
488.0,493.0
488.0,493.0
490.0,492.0
490.0,493.0
488.0,492.0
488.0,493.0
490.0,493.0
490.0,494.0
488.0,492.0
489.0,491.0
490.0,493.0
489.0,494.0
488.0,493.0
489.0,493.0
490.0,493.0
489.0,493.0
487.0,493.0
490.0,492.0
491.0,493.0
490.0,493.0
487.0,493.0
489.0,493.0
492.0,493.0
488.0,493.0
488.0,492.0
490.0,493.0
490.0,493.0
488.0,493.0
488.0,492.0
490.0,494.0
490.0,493.0
488.0,493.0
489.0,493.0
490.0,493.0
489.0,493.0
488.0,493.0
490.0,492.0
491.0,493.0
490.0,493.0
488.0,492.0
490.0,493.0
491.0,493.0
489.0,493.0
487.0,492.0
489.0,492.0
492.0,492.0
489.0,493.0
487.0,492.0
490.0,493.0
490.0,493.0
488.0,493.0
488.0,492.0
490.0,493.0
490.0,494.0
487.0,492.0
488.0,493.0
490.0,493.0
490.0,493.0
488.0,492.0
489.0,492.0
490.0,493.0
489.0,494.0
487.0,493.0
489.0,493.0
491.0,493.0
489.0,493.0
487.0,493.0
490.0,493.0
491.0,493.0
489.0,493.0
486.0,492.0
490.0,493.0
491.0,493.0
488.0,493.0
488.0,492.0
491.0,493.0
491.0,494.0
488.0,493.0
488.0,493.0
490.0,493.0
490.0,493.0
488.0,493.0
489.0,492.0
491.0,492.0
490.0,493.0
488.0,493.0
490.0,493.0
490.0,493.0
489.0,493.0
486.0,493.0
490.0,493.0
491.0,493.0
490.0,494.0
486.0,492.0
489.0,493.0
491.0,493.0
488.0,493.0
488.0,493.0
490.0,493.0
490.0,494.0
488.0,493.0
488.0,493.0
490.0,493.0
490.0,494.0
488.0,492.0
489.0,493.0
490.0,493.0
490.0,493.0
488.0,492.0
490.0,493.0
490.0,493.0
490.0,494.0
488.0,493.0
490.0,493.0
491.0,493.0
490.0,494.0
487.0,492.0
489.0,493.0
492.0,494.0
489.0,493.0
487.0,492.0
490.0,491.0
490.0,492.0
489.0,491.0
488.0,492.0
490.0,493.0
490.0,493.0
488.0,492.0
489.0,492.0
491.0,493.0
490.0,493.0
488.0,493.0
490.0,493.0
490.0,493.0
490.0,494.0
488.0,493.0
489.0,493.0
491.0,493.0
490.0,494.0
487.0,493.0
489.0,493.0
492.0,493.0
490.0,494.0
487.0,493.0
490.0,493.0
491.0,494.0
489.0,493.0
489.0,493.0
491.0,493.0
491.0,494.0
489.0,489.0
489.0,493.0
491.0,494.0
490.0,494.0
488.0,493.0
490.0,492.0
491.0,493.0
490.0,493.0
489.0,493.0
489.0,493.0
491.0,493.0
490.0,494.0
488.0,493.0
490.0,493.0
492.0,492.0
490.0,494.0
487.0,493.0
490.0,493.0
492.0,494.0
489.0,493.0
488.0,493.0
491.0,493.0
491.0,494.0
489.0,492.0
489.0,493.0
491.0,494.0
490.0,494.0
488.0,492.0
489.0,493.0
491.0,493.0
489.0,494.0
489.0,493.0
489.0,492.0
491.0,493.0
490.0,494.0
488.0,493.0
490.0,493.0
492.0,493.0
490.0,493.0
488.0,493.0
490.0,493.0
492.0,494.0
489.0,493.0
488.0,492.0
491.0,493.0
491.0,494.0
489.0,493.0
489.0,493.0
491.0,494.0
491.0,494.0
489.0,493.0
489.0,493.0
491.0,493.0
491.0,494.0
490.0,493.0
489.0,493.0
490.0,493.0
490.0,494.0
496.0,493.0
490.0,493.0
489.0,493.0
490.0,494.0
491.0,493.0
494.0,493.0
496.0,493.0
487.0,493.0
486.0,493.0
497.0,493.0
498.0,494.0
487.0,493.0
482.0,492.0
488.0,494.0
491.0,495.0
489.0,493.0
489.0,493.0
507.0,498.0
500.0,502.0
480.0,496.0
487.0,489.0
493.0,490.0
493.0,502.0
487.0,512.0
490.0,500.0
491.0,483.0
489.0,486.0
492.0,493.0
489.0,501.0
486.0,498.0
489.0,491.0
486.0,486.0
493.0,491.0
496.0,504.0
490.0,498.0
486.0,486.0
498.0,492.0
501.0,515.0
487.0,511.0
480.0,491.0
487.0,483.0
500.0,504.0
499.0,509.0
485.0,499.0
483.0,484.0
488.0,487.0
500.0,493.0
495.0,495.0
486.0,487.0
487.0,486.0
488.0,492.0
483.0,497.0
491.0,494.0
495.0,488.0
487.0,496.0
485.0,500.0
491.0,496.0
486.0,490.0
488.0,487.0
506.0,489.0
487.0,492.0
486.0,487.0
488.0,488.0
485.0,494.0
490.0,495.0
491.0,497.0
479.0,496.0
489.0,491.0
492.0,496.0
484.0,503.0
495.0,494.0
478.0,486.0
477.0,487.0
473.0,498.0
473.0,496.0
489.0,488.0
492.0,490.0
488.0,500.0
490.0,503.0
498.0,487.0
501.0,487.0
493.0,494.0
490.0,505.0
494.0,493.0
493.0,487.0
482.0,493.0
489.0,503.0
490.0,500.0
489.0,488.0
487.0,492.0
490.0,500.0
490.0,499.0
487.0,491.0
486.0,490.0
490.0,493.0
491.0,499.0
488.0,489.0
485.0,489.0
489.0,492.0
492.0,499.0
485.0,499.0
491.0,494.0
491.0,492.0
491.0,495.0
487.0,497.0
486.0,492.0
492.0,490.0
490.0,494.0
485.0,494.0
492.0,492.0
494.0,491.0
490.0,493.0
494.0,493.0
490.0,492.0
495.0,492.0
491.0,492.0
491.0,491.0
494.0,493.0
493.0,500.0
490.0,494.0
489.0,491.0
490.0,498.0
488.0,497.0
481.0,495.0
486.0,493.0
488.0,493.0
486.0,494.0
483.0,497.0
488.0,494.0
489.0,492.0
485.0,493.0
486.0,495.0
489.0,497.0
490.0,496.0
487.0,492.0
491.0,493.0
492.0,495.0
489.0,497.0
487.0,496.0
486.0,493.0
488.0,494.0
486.0,495.0
486.0,497.0
487.0,491.0
488.0,494.0
488.0,498.0
488.0,496.0
489.0,491.0
489.0,492.0
489.0,494.0
489.0,496.0
492.0,495.0
494.0,493.0
490.0,493.0
490.0,492.0
490.0,494.0
488.0,493.0
488.0,495.0
489.0,492.0
489.0,496.0
488.0,496.0
486.0,493.0
487.0,495.0
489.0,493.0
489.0,494.0
489.0,492.0
488.0,493.0
489.0,496.0
489.0,493.0
487.0,492.0
488.0,493.0
491.0,494.0
488.0,495.0
486.0,495.0
488.0,495.0
490.0,492.0
488.0,494.0
489.0,493.0
489.0,493.0
490.0,496.0
489.0,493.0
489.0,491.0
490.0,494.0
490.0,493.0
489.0,494.0
490.0,488.0
490.0,491.0
490.0,492.0
487.0,492.0
489.0,492.0
491.0,492.0
489.0,493.0
488.0,495.0
490.0,496.0
489.0,492.0
490.0,494.0
488.0,496.0
488.0,492.0
490.0,493.0
487.0,495.0
487.0,492.0
489.0,494.0
491.0,495.0
488.0,495.0
487.0,491.0
490.0,493.0
490.0,494.0
489.0,493.0
488.0,494.0
489.0,493.0
490.0,494.0
489.0,495.0
489.0,494.0
489.0,493.0
490.0,495.0
489.0,495.0
490.0,493.0
487.0,494.0
490.0,495.0
489.0,493.0
489.0,493.0
490.0,493.0
489.0,494.0
488.0,494.0
490.0,494.0
491.0,492.0
490.0,493.0
488.0,495.0
490.0,495.0
490.0,493.0
488.0,495.0
489.0,493.0
491.0,493.0
491.0,493.0
488.0,493.0
489.0,494.0
491.0,491.0
490.0,494.0
489.0,494.0
490.0,493.0
490.0,493.0
490.0,494.0
488.0,495.0
489.0,492.0
491.0,492.0
489.0,493.0
487.0,494.0
489.0,493.0
492.0,493.0
490.0,496.0
488.0,492.0
490.0,492.0
491.0,493.0
489.0,493.0
489.0,493.0
490.0,495.0
491.0,493.0
489.0,492.0
493.0,493.0
487.0,493.0
490.0,495.0
491.0,497.0
490.0,488.0
490.0,491.0
488.0,493.0
489.0,495.0
490.0,493.0
491.0,492.0
490.0,493.0
488.0,493.0
490.0,492.0
490.0,494.0
490.0,496.0
488.0,495.0
489.0,491.0
491.0,491.0
488.0,494.0
489.0,494.0
490.0,496.0
490.0,493.0
490.0,491.0
489.0,492.0
489.0,492.0
489.0,491.0
488.0,494.0
488.0,494.0
491.0,492.0
488.0,492.0
489.0,492.0
489.0,492.0
490.0,493.0
489.0,497.0
487.0,492.0
489.0,491.0
490.0,492.0
489.0,494.0
488.0,494.0
489.0,493.0
490.0,493.0
488.0,492.0
488.0,492.0
489.0,495.0
489.0,492.0
488.0,492.0
490.0,492.0
489.0,495.0
489.0,494.0
488.0,489.0
489.0,491.0
489.0,491.0
489.0,492.0
489.0,494.0
489.0,491.0
490.0,492.0
489.0,494.0
488.0,493.0
489.0,492.0
490.0,492.0
490.0,493.0
488.0,493.0
489.0,493.0
492.0,493.0
490.0,495.0
487.0,493.0
491.0,493.0
492.0,493.0
489.0,493.0
488.0,494.0
491.0,493.0
491.0,494.0
489.0,493.0
489.0,495.0
491.0,492.0
491.0,494.0
489.0,492.0
489.0,493.0
491.0,492.0
489.0,493.0
488.0,496.0
490.0,493.0
490.0,491.0
490.0,493.0
489.0,494.0
491.0,492.0
491.0,493.0
490.0,495.0
488.0,493.0
491.0,493.0
492.0,493.0
488.0,493.0
489.0,494.0
490.0,493.0
492.0,494.0
489.0,496.0
490.0,492.0
490.0,492.0
489.0,492.0
488.0,493.0
490.0,494.0
491.0,495.0
489.0,492.0
488.0,491.0
490.0,492.0
489.0,494.0
489.0,492.0
489.0,494.0
489.0,492.0
491.0,492.0
490.0,493.0
488.0,495.0
490.0,492.0
492.0,493.0
489.0,493.0
489.0,492.0
491.0,493.0
490.0,494.0
488.0,494.0
489.0,492.0
490.0,491.0
491.0,494.0
489.0,493.0
489.0,493.0
491.0,494.0
491.0,491.0
490.0,492.0
490.0,492.0
491.0,493.0
490.0,494.0
489.0,494.0
491.0,492.0
492.0,492.0
489.0,494.0
488.0,493.0
491.0,493.0
492.0,492.0
490.0,493.0
489.0,494.0
490.0,492.0
490.0,491.0
490.0,493.0
490.0,493.0
490.0,493.0
491.0,493.0
490.0,495.0
490.0,492.0
491.0,492.0
491.0,493.0
489.0,493.0
493.0,492.0
489.0,492.0
490.0,493.0
490.0,494.0
490.0,493.0
491.0,493.0
489.0,494.0
488.0,494.0
491.0,493.0
491.0,492.0
490.0,493.0
488.0,493.0
490.0,492.0
491.0,494.0
490.0,494.0
488.0,492.0
491.0,493.0
491.0,493.0
489.0,493.0
490.0,491.0
490.0,491.0
490.0,493.0
489.0,492.0
489.0,490.0
491.0,491.0
490.0,493.0
490.0,493.0
489.0,492.0
490.0,492.0
490.0,495.0
489.0,494.0
490.0,493.0
491.0,492.0
490.0,493.0
488.0,493.0
490.0,493.0
493.0,493.0
490.0,494.0
488.0,492.0
490.0,493.0
490.0,493.0
488.0,492.0
489.0,493.0
491.0,492.0
489.0,496.0
488.0,495.0
488.0,491.0
491.0,491.0
490.0,493.0
488.0,494.0
491.0,492.0
490.0,492.0
490.0,494.0
489.0,492.0
490.0,492.0
491.0,493.0
490.0,494.0
488.0,495.0
490.0,495.0
492.0,492.0
490.0,492.0
487.0,494.0
489.0,493.0
491.0,493.0
489.0,492.0
490.0,493.0
491.0,493.0
490.0,493.0
489.0,495.0
489.0,491.0
491.0,493.0
490.0,495.0
488.0,492.0
489.0,493.0
491.0,491.0
490.0,494.0
488.0,496.0
490.0,492.0
491.0,492.0
490.0,495.0
487.0,496.0
489.0,490.0
491.0,493.0
490.0,492.0
487.0,491.0
490.0,496.0
491.0,492.0
488.0,492.0
489.0,492.0
489.0,492.0
490.0,494.0
490.0,495.0
488.0,492.0
490.0,491.0
490.0,493.0
489.0,494.0
490.0,493.0
490.0,491.0
489.0,494.0
489.0,493.0
491.0,493.0
490.0,490.0
489.0,496.0
489.0,492.0
490.0,490.0
493.0,493.0
490.0,494.0
485.0,492.0
490.0,493.0
492.0,492.0
489.0,493.0
488.0,492.0
489.0,493.0
490.0,493.0
489.0,494.0
489.0,493.0
490.0,493.0
490.0,491.0
489.0,494.0
490.0,492.0
490.0,493.0
490.0,494.0
489.0,493.0
490.0,492.0
490.0,492.0
490.0,493.0
489.0,492.0
490.0,493.0
491.0,493.0
489.0,493.0
487.0,493.0
490.0,495.0
491.0,495.0
489.0,493.0
488.0,492.0
490.0,494.0
490.0,492.0
489.0,494.0
488.0,494.0
490.0,492.0
490.0,493.0
489.0,495.0
489.0,494.0
491.0,491.0
490.0,492.0
490.0,492.0
489.0,491.0
491.0,491.0
490.0,491.0
489.0,492.0
489.0,492.0
490.0,493.0
490.0,494.0
487.0,493.0
489.0,493.0
491.0,492.0
489.0,493.0
487.0,492.0
489.0,493.0
492.0,493.0
490.0,493.0
489.0,492.0
490.0,492.0
490.0,496.0
489.0,492.0
488.0,493.0
489.0,491.0
490.0,494.0
489.0,493.0
489.0,491.0
490.0,493.0
489.0,495.0
488.0,494.0
490.0,491.0
489.0,494.0
489.0,494.0
488.0,492.0
489.0,491.0
491.0,493.0
490.0,497.0
487.0,492.0
489.0,491.0
493.0,492.0
488.0,492.0
489.0,493.0
491.0,491.0
490.0,492.0
489.0,495.0
488.0,492.0
490.0,492.0
490.0,493.0
488.0,494.0
490.0,493.0
490.0,491.0
490.0,494.0
489.0,492.0
489.0,494.0
490.0,493.0
488.0,494.0
489.0,492.0
489.0,491.0
490.0,493.0
490.0,493.0
488.0,494.0
488.0,492.0
491.0,495.0
489.0,492.0
487.0,491.0
490.0,492.0
491.0,493.0
489.0,494.0
488.0,492.0
490.0,491.0
489.0,493.0
488.0,494.0
489.0,493.0
490.0,492.0
489.0,492.0
489.0,493.0
488.0,492.0
490.0,492.0
489.0,495.0
488.0,493.0
489.0,492.0
490.0,491.0
490.0,493.0
488.0,492.0
489.0,493.0
491.0,493.0
488.0,493.0
486.0,492.0
490.0,493.0
491.0,492.0
487.0,492.0
487.0,492.0
489.0,493.0
490.0,494.0
488.0,495.0
488.0,491.0
489.0,490.0
490.0,494.0
488.0,495.0
489.0,493.0
489.0,491.0
489.0,494.0
488.0,493.0
489.0,490.0
489.0,493.0
489.0,494.0
488.0,493.0
488.0,493.0
491.0,492.0
490.0,493.0
487.0,494.0
490.0,494.0
491.0,492.0
488.0,493.0
488.0,492.0
490.0,492.0
490.0,495.0
487.0,492.0
488.0,492.0
489.0,493.0
490.0,494.0
488.0,493.0
489.0,493.0
489.0,492.0
490.0,492.0
488.0,494.0
489.0,494.0
490.0,491.0
489.0,492.0
488.0,491.0
489.0,491.0
490.0,490.0
489.0,492.0
487.0,493.0
489.0,493.0
492.0,494.0
489.0,491.0
487.0,492.0
490.0,492.0
490.0,495.0
487.0,492.0
488.0,492.0
490.0,493.0
489.0,495.0
489.0,492.0
488.0,491.0
489.0,494.0
490.0,495.0
488.0,494.0
490.0,491.0
489.0,493.0
488.0,492.0
488.0,493.0
490.0,493.0
490.0,493.0
489.0,494.0
487.0,493.0
489.0,493.0
490.0,493.0
489.0,494.0
487.0,494.0
489.0,492.0
490.0,494.0
489.0,496.0
489.0,491.0
489.0,491.0
489.0,493.0
488.0,493.0
488.0,492.0
489.0,493.0
489.0,495.0
489.0,493.0
487.0,491.0
489.0,493.0
489.0,494.0
489.0,494.0
488.0,492.0
490.0,493.0
489.0,493.0
486.0,494.0
489.0,494.0
491.0,491.0
488.0,492.0
486.0,491.0
489.0,493.0
490.0,494.0
488.0,494.0
488.0,492.0
489.0,490.0
490.0,493.0
488.0,494.0
488.0,493.0
490.0,492.0
490.0,494.0
488.0,493.0
490.0,492.0
490.0,491.0
488.0,493.0
488.0,494.0
490.0,494.0
490.0,494.0
489.0,494.0
488.0,493.0
490.0,493.0
491.0,493.0
489.0,492.0
488.0,493.0
489.0,494.0
490.0,491.0
488.0,493.0
489.0,492.0
490.0,492.0
490.0,496.0
489.0,493.0
488.0,492.0
489.0,492.0
490.0,493.0
489.0,495.0
489.0,492.0
490.0,491.0
490.0,494.0
488.0,494.0
489.0,493.0
490.0,492.0
489.0,494.0
488.0,493.0
489.0,493.0
490.0,493.0
489.0,492.0
486.0,492.0
489.0,494.0
490.0,492.0
489.0,494.0
488.0,492.0
490.0,492.0
491.0,494.0
489.0,493.0
487.0,495.0
489.0,491.0
490.0,492.0
488.0,493.0
487.0,492.0
490.0,493.0
489.0,493.0
487.0,494.0
488.0,492.0
489.0,494.0
489.0,494.0
487.0,494.0
489.0,492.0
490.0,495.0
491.0,493.0
485.0,492.0
487.0,493.0
490.0,493.0
489.0,494.0
487.0,491.0
490.0,492.0
490.0,493.0
487.0,494.0
488.0,493.0
490.0,494.0
490.0,494.0
488.0,492.0
488.0,492.0
490.0,489.0
490.0,492.0
488.0,494.0
489.0,492.0
489.0,491.0
489.0,494.0
488.0,494.0
488.0,492.0
489.0,492.0
489.0,493.0
486.0,494.0
490.0,493.0
491.0,493.0
490.0,493.0
487.0,493.0
490.0,493.0
491.0,493.0
488.0,494.0
487.0,493.0
490.0,493.0
490.0,493.0
488.0,496.0
488.0,492.0
489.0,492.0
490.0,494.0
488.0,496.0
488.0,492.0
490.0,491.0
490.0,493.0
488.0,494.0
489.0,492.0
491.0,493.0
488.0,494.0
488.0,494.0
489.0,494.0
491.0,493.0
489.0,494.0
486.0,495.0
489.0,492.0
491.0,493.0
489.0,494.0
487.0,494.0
489.0,491.0
491.0,494.0
488.0,494.0
488.0,493.0
490.0,492.0
489.0,494.0
488.0,494.0
489.0,493.0
489.0,491.0
490.0,494.0
489.0,496.0
490.0,490.0
489.0,494.0
489.0,494.0
489.0,491.0
489.0,492.0
490.0,493.0
489.0,495.0
486.0,494.0
489.0,493.0
490.0,491.0
489.0,493.0
488.0,493.0
489.0,494.0
490.0,493.0
488.0,492.0
489.0,492.0
490.0,492.0
489.0,493.0
489.0,495.0
488.0,492.0
489.0,491.0
490.0,496.0
488.0,494.0
489.0,493.0
490.0,495.0
490.0,492.0
489.0,492.0
489.0,493.0
490.0,492.0
490.0,493.0
487.0,494.0
489.0,493.0
491.0,493.0
490.0,492.0
488.0,494.0
489.0,493.0
489.0,493.0
488.0,493.0
489.0,492.0
489.0,492.0
490.0,493.0
488.0,494.0
489.0,493.0
491.0,493.0
489.0,496.0
488.0,493.0
489.0,492.0
490.0,492.0
488.0,494.0
489.0,494.0
488.0,493.0
490.0,493.0
489.0,493.0
488.0,492.0
489.0,493.0
491.0,494.0
489.0,492.0
486.0,492.0
489.0,492.0
490.0,492.0
487.0,494.0
489.0,492.0
490.0,493.0
490.0,493.0
488.0,495.0
489.0,491.0
489.0,491.0
489.0,494.0
489.0,496.0
489.0,491.0
489.0,493.0
489.0,494.0
487.0,493.0
489.0,491.0
490.0,493.0
490.0,493.0
488.0,493.0
489.0,493.0
490.0,493.0
488.0,493.0
486.0,493.0
489.0,493.0
491.0,494.0
488.0,497.0
488.0,494.0
490.0,488.0
490.0,491.0
489.0,491.0
489.0,492.0
489.0,493.0
490.0,491.0
488.0,492.0
490.0,492.0
490.0,494.0
490.0,493.0
489.0,493.0
490.0,492.0
491.0,494.0
489.0,492.0
488.0,493.0
490.0,496.0
491.0,493.0
490.0,492.0
487.0,492.0
490.0,492.0
491.0,494.0
490.0,495.0
489.0,492.0
489.0,491.0
490.0,494.0
488.0,493.0
488.0,493.0
490.0,493.0
490.0,493.0
489.0,495.0
489.0,491.0
489.0,493.0
490.0,495.0
489.0,493.0
489.0,492.0
489.0,493.0
489.0,494.0
490.0,494.0
489.0,493.0
489.0,493.0
489.0,493.0
490.0,492.0
490.0,494.0
491.0,493.0
489.0,494.0
487.0,494.0
490.0,492.0
491.0,493.0
488.0,494.0
489.0,492.0
490.0,491.0
490.0,493.0
488.0,495.0
489.0,492.0
489.0,491.0
490.0,493.0
488.0,493.0
489.0,492.0
490.0,492.0
490.0,494.0
489.0,493.0
489.0,492.0
491.0,494.0
489.0,493.0
489.0,494.0
491.0,490.0
492.0,493.0
491.0,494.0
487.0,493.0
490.0,490.0
491.0,494.0
489.0,493.0
489.0,493.0
490.0,492.0
490.0,492.0
490.0,493.0
489.0,492.0
490.0,492.0
491.0,493.0
489.0,492.0
489.0,492.0
490.0,492.0
490.0,492.0
489.0,493.0
490.0,492.0
490.0,493.0
490.0,493.0
489.0,492.0
489.0,492.0
493.0,495.0
489.0,490.0
488.0,492.0
489.0,492.0
492.0,494.0
490.0,494.0
487.0,492.0
489.0,491.0
491.0,494.0
490.0,492.0
489.0,491.0
491.0,493.0
491.0,495.0
489.0,493.0
489.0,491.0
490.0,491.0
490.0,493.0
489.0,494.0
490.0,493.0
491.0,493.0
490.0,492.0
489.0,493.0
490.0,492.0
492.0,494.0
488.0,494.0
490.0,493.0
490.0,492.0
492.0,493.0
489.0,493.0
488.0,492.0
490.0,491.0
491.0,492.0
489.0,494.0
489.0,493.0
490.0,492.0
491.0,492.0
489.0,493.0
489.0,492.0
491.0,492.0
491.0,493.0
489.0,493.0
489.0,490.0
490.0,492.0
489.0,493.0
489.0,493.0
489.0,492.0
490.0,495.0
490.0,493.0
488.0,492.0
490.0,493.0
490.0,494.0
489.0,490.0
487.0,492.0
490.0,492.0
491.0,493.0
489.0,493.0
488.0,491.0
490.0,491.0
491.0,491.0
488.0,492.0
489.0,492.0
491.0,491.0
490.0,492.0
488.0,493.0
489.0,490.0
491.0,492.0
490.0,493.0
488.0,492.0
489.0,493.0
490.0,492.0
489.0,493.0
490.0,491.0
490.0,494.0
490.0,492.0
490.0,493.0
487.0,492.0
489.0,492.0
491.0,493.0
489.0,494.0
487.0,492.0
489.0,492.0
489.0,494.0
488.0,495.0
488.0,492.0
490.0,491.0
490.0,494.0
488.0,494.0
488.0,490.0
490.0,492.0
489.0,494.0
489.0,490.0
489.0,493.0
490.0,492.0
489.0,494.0
489.0,494.0
489.0,492.0
490.0,491.0
489.0,493.0
489.0,493.0
487.0,493.0
490.0,493.0
489.0,494.0
488.0,491.0
489.0,492.0
490.0,494.0
489.0,493.0
487.0,492.0
490.0,491.0
489.0,493.0
489.0,493.0
488.0,491.0
490.0,493.0
489.0,493.0
489.0,494.0
489.0,495.0
489.0,490.0
490.0,493.0
489.0,492.0
489.0,493.0
490.0,493.0
491.0,492.0
487.0,493.0
490.0,491.0
491.0,493.0
489.0,495.0
488.0,493.0
490.0,491.0
492.0,492.0
489.0,493.0
491.0,491.0
490.0,491.0
490.0,493.0
489.0,493.0
489.0,492.0
490.0,493.0
490.0,494.0
489.0,493.0
489.0,492.0
489.0,493.0
490.0,492.0
489.0,492.0
489.0,493.0
490.0,493.0
490.0,494.0
489.0,492.0
489.0,492.0
490.0,493.0
489.0,493.0
487.0,492.0
490.0,493.0
492.0,493.0
488.0,491.0
487.0,491.0
490.0,492.0
491.0,493.0
487.0,493.0
488.0,492.0
490.0,492.0
488.0,494.0
487.0,494.0
489.0,492.0
489.0,494.0
489.0,493.0
488.0,493.0
489.0,492.0
490.0,493.0
488.0,493.0
488.0,492.0
490.0,494.0
490.0,492.0
489.0,493.0
488.0,491.0
489.0,491.0
491.0,493.0
488.0,494.0
487.0,492.0
490.0,490.0
490.0,493.0
489.0,493.0
487.0,492.0
490.0,491.0
490.0,493.0
489.0,494.0
488.0,494.0
489.0,492.0
490.0,493.0
488.0,492.0
489.0,492.0
490.0,496.0
488.0,492.0
488.0,491.0
488.0,491.0
490.0,493.0
489.0,494.0
488.0,492.0
489.0,490.0
491.0,492.0
489.0,494.0
487.0,493.0
490.0,492.0
491.0,493.0
489.0,494.0
488.0,493.0
489.0,491.0
490.0,495.0
488.0,492.0
488.0,492.0
490.0,492.0
490.0,493.0
488.0,493.0
489.0,492.0
490.0,493.0
489.0,492.0
489.0,492.0
489.0,492.0
490.0,490.0
489.0,492.0
487.0,493.0
490.0,490.0
491.0,491.0
489.0,493.0
488.0,492.0
491.0,492.0
491.0,492.0
488.0,494.0
487.0,494.0
490.0,493.0
489.0,495.0
488.0,495.0
488.0,491.0
489.0,493.0
489.0,493.0
489.0,494.0
489.0,492.0
491.0,493.0
489.0,493.0
487.0,492.0
489.0,492.0
490.0,492.0
489.0,493.0
488.0,493.0
489.0,492.0
492.0,492.0
489.0,494.0
489.0,495.0
489.0,491.0
491.0,493.0
489.0,492.0
487.0,491.0
491.0,492.0
490.0,492.0
490.0,494.0
488.0,493.0
490.0,491.0
490.0,492.0
489.0,493.0
490.0,492.0
490.0,492.0
490.0,493.0
489.0,492.0
489.0,493.0
490.0,494.0
490.0,493.0
488.0,493.0
490.0,493.0
490.0,493.0
490.0,493.0
488.0,493.0
489.0,492.0
492.0,492.0
489.0,492.0
486.0,493.0
490.0,491.0
490.0,493.0
490.0,495.0
489.0,491.0
490.0,492.0
490.0,493.0
488.0,496.0
488.0,492.0
489.0,491.0
489.0,493.0
489.0,492.0
489.0,492.0
490.0,494.0
490.0,493.0
489.0,494.0
489.0,492.0
491.0,495.0
489.0,493.0
488.0,491.0
489.0,492.0
492.0,495.0
490.0,492.0
488.0,492.0
489.0,493.0
491.0,494.0
490.0,493.0
488.0,490.0
490.0,492.0
491.0,496.0
488.0,493.0
489.0,492.0
490.0,491.0
490.0,494.0
489.0,495.0
488.0,494.0
490.0,490.0
489.0,493.0
488.0,493.0
489.0,493.0
489.0,492.0
489.0,495.0
488.0,494.0
490.0,490.0
490.0,492.0
488.0,494.0
487.0,493.0
489.0,492.0
491.0,496.0
488.0,492.0
487.0,492.0
489.0,493.0
490.0,494.0
487.0,494.0
488.0,492.0
489.0,492.0
490.0,493.0
487.0,492.0
489.0,494.0
490.0,493.0
490.0,493.0
489.0,493.0
489.0,493.0
489.0,492.0
489.0,493.0
489.0,494.0
490.0,492.0
491.0,494.0
489.0,494.0
486.0,493.0
489.0,493.0
490.0,492.0
489.0,494.0
488.0,492.0
489.0,493.0
489.0,495.0
488.0,493.0
488.0,493.0
490.0,492.0
490.0,493.0
488.0,493.0
489.0,492.0
489.0,493.0
490.0,495.0
489.0,492.0
489.0,493.0
490.0,493.0
490.0,493.0
488.0,493.0
489.0,493.0
490.0,492.0
489.0,493.0
488.0,493.0
489.0,493.0
491.0,494.0
489.0,493.0
488.0,494.0
489.0,492.0
491.0,493.0
489.0,492.0
488.0,491.0
489.0,490.0
490.0,492.0
489.0,493.0
488.0,493.0
491.0,492.0
490.0,491.0
488.0,491.0
489.0,493.0
489.0,493.0
490.0,493.0
489.0,493.0
489.0,493.0
490.0,493.0
490.0,495.0
489.0,493.0
489.0,492.0
491.0,493.0
489.0,495.0
488.0,490.0
489.0,491.0
491.0,494.0
489.0,494.0
488.0,495.0
490.0,491.0
489.0,493.0
488.0,492.0
488.0,493.0
490.0,493.0
489.0,495.0
488.0,492.0
489.0,493.0
490.0,493.0
490.0,492.0
489.0,494.0
489.0,492.0
490.0,494.0
490.0,495.0
489.0,492.0
489.0,491.0
492.0,493.0
490.0,495.0
489.0,494.0
489.0,492.0
491.0,494.0
489.0,493.0
489.0,493.0
490.0,492.0
489.0,493.0
489.0,495.0
489.0,492.0
489.0,493.0
490.0,495.0
488.0,494.0
489.0,492.0
491.0,493.0
490.0,492.0
488.0,492.0
489.0,494.0
491.0,492.0
490.0,494.0
488.0,495.0
489.0,491.0
491.0,493.0
490.0,495.0
488.0,492.0
490.0,492.0
492.0,493.0
490.0,496.0
488.0,492.0
490.0,493.0
491.0,494.0
490.0,492.0
489.0,492.0
489.0,493.0
490.0,492.0
489.0,493.0
490.0,492.0
490.0,492.0
490.0,492.0
489.0,494.0
490.0,493.0
490.0,492.0
490.0,493.0
488.0,494.0
490.0,493.0
492.0,493.0
489.0,495.0
488.0,493.0
489.0,493.0
493.0,494.0
489.0,493.0
487.0,492.0
489.0,492.0
491.0,493.0
489.0,493.0
489.0,491.0
491.0,493.0
490.0,493.0
489.0,493.0
488.0,493.0
490.0,491.0
490.0,493.0
489.0,493.0
490.0,493.0
489.0,494.0
490.0,492.0
489.0,493.0
489.0,493.0
490.0,495.0
490.0,493.0
488.0,492.0
489.0,492.0
491.0,494.0
489.0,493.0
488.0,493.0
490.0,492.0
491.0,493.0
489.0,495.0
489.0,493.0
489.0,492.0
490.0,494.0
489.0,492.0
489.0,492.0
489.0,492.0
490.0,493.0
489.0,494.0
490.0,492.0
490.0,493.0
490.0,494.0
489.0,493.0
490.0,492.0
491.0,492.0
489.0,495.0
488.0,494.0
492.0,490.0
491.0,493.0
489.0,493.0
487.0,492.0
490.0,492.0
491.0,495.0
489.0,493.0
488.0,490.0
489.0,493.0
490.0,496.0
489.0,492.0
488.0,491.0
490.0,492.0
490.0,495.0
489.0,492.0
489.0,493.0
490.0,491.0
490.0,491.0
488.0,491.0
489.0,491.0
491.0,491.0
489.0,493.0
489.0,492.0
489.0,492.0
490.0,493.0
489.0,496.0
488.0,490.0
491.0,492.0
490.0,493.0
490.0,493.0
488.0,494.0
490.0,491.0
490.0,493.0
489.0,492.0
489.0,492.0
490.0,494.0
490.0,494.0
489.0,491.0
490.0,492.0
492.0,494.0
490.0,492.0
489.0,492.0
489.0,492.0
492.0,494.0
490.0,494.0
489.0,496.0
490.0,493.0
491.0,491.0
490.0,494.0
489.0,493.0
490.0,491.0
492.0,495.0
490.0,493.0
489.0,492.0
491.0,492.0
492.0,494.0
490.0,495.0
489.0,492.0
491.0,493.0
491.0,493.0
490.0,494.0
489.0,492.0
492.0,493.0
490.0,494.0
489.0,492.0
490.0,492.0
490.0,492.0
491.0,493.0
490.0,494.0
489.0,492.0
490.0,492.0
490.0,494.0
488.0,493.0
490.0,493.0
491.0,493.0
490.0,493.0
489.0,493.0
490.0,491.0
493.0,494.0
489.0,494.0
489.0,491.0
491.0,493.0
491.0,494.0
489.0,493.0
489.0,492.0
490.0,494.0
490.0,492.0
489.0,494.0
490.0,493.0
490.0,492.0
489.0,494.0
489.0,492.0
490.0,493.0
490.0,492.0
490.0,493.0
490.0,493.0
490.0,493.0
490.0,493.0
490.0,494.0
488.0,493.0
490.0,493.0
492.0,493.0
489.0,493.0
487.0,492.0
491.0,492.0
491.0,494.0
489.0,495.0
490.0,492.0
491.0,492.0
491.0,492.0
488.0,493.0
490.0,493.0
491.0,493.0
490.0,494.0
489.0,491.0
490.0,493.0
490.0,493.0
490.0,494.0
488.0,491.0
489.0,492.0
490.0,494.0
490.0,495.0
489.0,491.0
491.0,493.0
491.0,493.0
490.0,493.0
488.0,493.0
489.0,493.0
493.0,495.0
489.0,492.0
488.0,492.0
490.0,492.0
491.0,493.0
489.0,494.0
489.0,494.0
491.0,491.0
489.0,494.0
488.0,492.0
490.0,492.0
490.0,493.0
489.0,494.0
489.0,494.0
490.0,491.0
489.0,492.0
490.0,493.0
488.0,492.0
490.0,493.0
492.0,493.0
490.0,494.0
488.0,495.0
490.0,493.0
492.0,492.0
489.0,493.0
488.0,494.0
489.0,492.0
490.0,493.0
488.0,493.0
489.0,492.0
489.0,493.0
490.0,495.0
488.0,492.0
489.0,493.0
492.0,494.0
490.0,493.0
489.0,493.0
489.0,494.0
491.0,495.0
490.0,492.0
489.0,491.0
489.0,490.0
492.0,491.0
490.0,494.0
488.0,491.0
489.0,490.0
492.0,494.0
490.0,496.0
489.0,492.0
492.0,491.0
491.0,494.0
489.0,494.0
488.0,492.0
490.0,493.0
492.0,493.0
488.0,493.0
488.0,493.0
490.0,493.0
490.0,492.0
489.0,492.0
490.0,492.0
492.0,493.0
490.0,493.0
488.0,492.0
490.0,492.0
491.0,493.0
490.0,495.0
489.0,492.0
489.0,492.0
492.0,495.0
490.0,492.0
488.0,491.0
491.0,493.0
491.0,495.0
489.0,494.0
489.0,492.0
492.0,492.0
491.0,493.0
487.0,493.0
490.0,493.0
491.0,493.0
489.0,494.0
489.0,494.0
489.0,492.0
490.0,493.0
490.0,494.0
489.0,493.0
489.0,490.0
491.0,493.0
490.0,495.0
488.0,492.0
490.0,493.0
492.0,493.0
489.0,495.0
489.0,492.0
492.0,492.0
491.0,494.0
489.0,492.0
489.0,492.0
490.0,493.0
492.0,493.0
488.0,493.0
489.0,494.0
491.0,494.0
490.0,491.0
490.0,492.0
490.0,493.0
491.0,493.0
490.0,495.0
489.0,492.0
490.0,491.0
491.0,495.0
490.0,492.0
489.0,492.0
490.0,493.0
492.0,495.0
490.0,494.0
488.0,492.0
490.0,491.0
493.0,494.0
490.0,494.0
488.0,492.0
490.0,493.0
491.0,494.0
490.0,493.0
490.0,492.0
490.0,495.0
490.0,492.0
489.0,492.0
490.0,492.0
491.0,494.0
490.0,494.0
490.0,492.0
489.0,492.0
490.0,494.0
490.0,494.0
488.0,493.0
489.0,493.0
491.0,492.0
490.0,495.0
488.0,493.0
490.0,493.0
493.0,493.0
490.0,494.0
488.0,493.0
491.0,494.0
492.0,493.0
489.0,492.0
489.0,492.0
490.0,493.0
491.0,491.0
489.0,491.0
489.0,493.0
490.0,493.0
490.0,493.0
488.0,493.0
490.0,491.0
490.0,493.0
490.0,495.0
489.0,492.0
489.0,492.0
490.0,495.0
490.0,492.0
489.0,491.0
489.0,491.0
491.0,494.0
489.0,493.0
488.0,493.0
490.0,493.0
491.0,492.0
489.0,492.0
489.0,493.0
490.0,492.0
490.0,493.0
489.0,495.0
489.0,492.0
490.0,493.0
490.0,493.0
489.0,493.0
488.0,493.0
490.0,494.0
490.0,493.0
490.0,492.0
489.0,493.0
490.0,492.0
490.0,493.0
488.0,493.0
489.0,492.0
492.0,492.0
490.0,494.0
488.0,492.0
490.0,488.0
491.0,492.0
489.0,492.0
489.0,492.0
491.0,493.0
490.0,493.0
488.0,492.0
489.0,494.0
490.0,493.0
491.0,493.0
489.0,493.0
490.0,493.0
490.0,493.0
490.0,494.0
488.0,493.0
490.0,492.0
490.0,494.0
489.0,494.0
489.0,492.0
489.0,492.0
491.0,494.0
489.0,496.0
488.0,493.0
490.0,491.0
492.0,494.0
489.0,495.0
489.0,491.0
490.0,492.0
490.0,493.0
489.0,494.0
489.0,494.0
490.0,493.0
490.0,492.0
489.0,493.0
490.0,493.0
490.0,493.0
490.0,494.0
488.0,492.0
489.0,492.0
490.0,493.0
490.0,496.0
490.0,491.0
489.0,492.0
490.0,493.0
490.0,493.0
489.0,490.0
491.0,492.0
491.0,493.0
490.0,494.0
488.0,492.0
491.0,492.0
491.0,493.0
488.0,494.0
490.0,492.0
492.0,494.0
491.0,492.0
487.0,493.0
487.0,493.0
490.0,492.0
490.0,494.0
489.0,493.0
490.0,492.0
491.0,492.0
489.0,492.0
489.0,492.0
490.0,492.0
491.0,495.0
489.0,495.0
487.0,491.0
489.0,492.0
491.0,493.0
490.0,493.0
487.0,492.0
490.0,491.0
492.0,494.0
488.0,494.0
489.0,491.0
490.0,493.0
489.0,493.0
488.0,492.0
489.0,494.0
491.0,491.0
490.0,492.0
489.0,493.0
488.0,491.0
490.0,492.0
490.0,494.0
490.0,492.0
490.0,492.0
490.0,495.0
489.0,493.0
489.0,492.0
490.0,492.0
492.0,494.0
490.0,494.0
488.0,492.0
490.0,493.0
491.0,493.0
489.0,492.0
489.0,493.0
490.0,493.0
491.0,493.0
489.0,492.0
488.0,492.0
491.0,492.0
490.0,492.0
489.0,492.0
490.0,491.0
490.0,492.0
490.0,494.0
489.0,493.0
489.0,492.0
490.0,493.0
489.0,494.0
489.0,492.0
489.0,492.0
491.0,493.0
490.0,493.0
488.0,493.0
490.0,493.0
492.0,493.0
490.0,493.0
488.0,491.0
491.0,492.0
490.0,496.0
490.0,492.0
488.0,491.0
490.0,492.0
491.0,492.0
489.0,492.0
489.0,492.0
490.0,493.0
490.0,495.0
488.0,494.0
489.0,490.0
490.0,493.0
490.0,493.0
489.0,491.0
490.0,490.0
490.0,491.0
490.0,492.0
487.0,489.0
489.0,489.0
491.0,492.0
492.0,495.0
488.0,490.0
489.0,489.0
491.0,491.0
489.0,492.0
488.0,493.0
490.0,490.0
490.0,490.0
489.0,490.0
489.0,491.0
489.0,491.0
490.0,491.0
489.0,491.0
490.0,489.0
490.0,491.0
489.0,491.0
489.0,490.0
490.0,491.0
490.0,493.0
490.0,491.0
488.0,491.0
491.0,490.0
492.0,490.0
489.0,491.0
488.0,490.0
491.0,491.0
491.0,492.0
488.0,491.0
488.0,491.0
489.0,491.0
490.0,491.0
489.0,491.0
489.0,491.0
491.0,491.0
490.0,492.0
489.0,491.0
490.0,490.0
491.0,493.0
490.0,493.0
489.0,489.0
489.0,488.0
490.0,491.0
489.0,490.0
489.0,490.0
490.0,489.0
492.0,491.0
490.0,491.0
488.0,490.0
490.0,491.0
492.0,491.0
490.0,491.0
489.0,490.0
491.0,491.0
491.0,491.0
490.0,490.0
490.0,491.0
491.0,491.0
491.0,491.0
490.0,490.0
491.0,491.0
492.0,491.0
491.0,491.0
490.0,490.0
493.0,491.0
492.0,491.0
491.0,491.0
489.0,491.0
491.0,490.0
492.0,491.0
490.0,491.0
489.0,490.0
492.0,491.0
493.0,492.0
490.0,492.0
490.0,491.0
492.0,491.0
493.0,491.0
490.0,492.0
490.0,492.0
492.0,491.0
492.0,491.0
490.0,491.0
490.0,490.0
493.0,491.0
490.0,492.0
490.0,490.0
490.0,490.0
492.0,491.0
491.0,491.0
490.0,490.0
490.0,490.0
492.0,492.0
490.0,491.0
490.0,491.0
490.0,491.0
494.0,492.0
491.0,491.0
489.0,491.0
491.0,492.0
492.0,492.0
490.0,491.0
490.0,492.0
491.0,492.0
491.0,491.0
490.0,491.0
489.0,492.0
492.0,492.0
491.0,492.0
490.0,491.0
490.0,492.0
492.0,491.0
491.0,492.0
490.0,491.0
490.0,491.0
492.0,492.0
490.0,492.0
490.0,491.0
491.0,492.0
492.0,492.0
490.0,491.0
489.0,491.0
491.0,493.0
493.0,492.0
490.0,491.0
489.0,492.0
491.0,492.0
492.0,490.0
490.0,489.0
490.0,491.0
492.0,491.0
491.0,490.0
489.0,490.0
490.0,491.0
491.0,492.0
491.0,492.0
489.0,491.0
490.0,492.0
491.0,492.0
490.0,492.0
489.0,491.0
490.0,492.0
492.0,492.0
490.0,491.0
489.0,491.0
490.0,492.0
492.0,492.0
490.0,491.0
489.0,492.0
490.0,492.0
491.0,491.0
490.0,491.0
489.0,492.0
491.0,493.0
491.0,491.0
489.0,492.0
489.0,492.0
491.0,492.0
490.0,492.0
489.0,491.0
490.0,492.0
491.0,493.0
490.0,492.0
489.0,492.0
490.0,493.0
491.0,492.0
490.0,492.0
488.0,492.0
490.0,492.0
492.0,492.0
489.0,492.0
488.0,493.0
490.0,493.0
491.0,492.0
489.0,492.0
488.0,493.0
489.0,493.0
490.0,492.0
488.0,492.0
488.0,492.0
490.0,493.0
490.0,493.0
488.0,492.0
489.0,492.0
490.0,493.0
490.0,492.0
488.0,491.0
490.0,493.0
490.0,494.0
489.0,493.0
488.0,491.0
489.0,492.0
491.0,497.0
489.0,497.0
487.0,492.0
490.0,489.0
491.0,490.0
489.0,490.0
488.0,492.0
490.0,491.0
490.0,490.0
489.0,490.0
488.0,491.0
490.0,492.0
490.0,492.0
489.0,491.0
489.0,492.0
491.0,494.0
490.0,492.0
488.0,491.0
492.0,493.0
490.0,493.0
489.0,491.0
488.0,488.0
489.0,490.0
490.0,492.0
489.0,491.0
487.0,491.0
490.0,492.0
491.0,492.0
489.0,491.0
487.0,492.0
489.0,492.0
490.0,491.0
488.0,491.0
488.0,492.0
489.0,492.0
489.0,491.0
488.0,491.0
488.0,491.0
489.0,492.0
490.0,492.0
488.0,491.0
489.0,490.0
490.0,492.0
489.0,492.0
488.0,491.0
490.0,491.0
490.0,492.0
489.0,491.0
488.0,491.0
489.0,492.0
490.0,492.0
489.0,492.0
487.0,492.0
490.0,491.0
490.0,490.0
488.0,491.0
488.0,492.0
490.0,493.0
489.0,492.0
488.0,495.0
489.0,496.0
490.0,493.0
489.0,489.0
488.0,487.0
489.0,489.0
490.0,490.0
490.0,489.0
488.0,489.0
489.0,491.0
490.0,491.0
489.0,490.0
488.0,491.0
490.0,492.0
491.0,492.0
489.0,491.0
487.0,493.0
490.0,495.0
491.0,492.0
488.0,491.0
487.0,492.0
490.0,491.0
490.0,490.0
488.0,491.0
488.0,491.0
489.0,491.0
490.0,491.0
488.0,491.0
489.0,492.0
489.0,492.0
489.0,492.0
488.0,491.0
489.0,492.0
489.0,492.0
489.0,491.0
488.0,492.0
489.0,491.0
490.0,493.0
489.0,492.0
487.0,491.0
489.0,492.0
491.0,492.0
488.0,492.0
487.0,493.0
489.0,492.0
490.0,491.0
488.0,491.0
488.0,492.0
489.0,492.0
489.0,492.0
488.0,491.0
488.0,492.0
489.0,492.0
489.0,492.0
488.0,491.0
489.0,493.0
489.0,492.0
489.0,492.0
488.0,491.0
489.0,493.0
489.0,492.0
488.0,492.0
487.0,492.0
489.0,492.0
491.0,492.0
489.0,492.0
487.0,493.0
490.0,493.0
490.0,493.0
488.0,491.0
488.0,492.0
489.0,492.0
489.0,499.0
488.0,493.0
488.0,489.0
489.0,491.0
489.0,491.0
488.0,491.0
489.0,491.0
490.0,491.0
489.0,491.0
488.0,491.0
489.0,492.0
489.0,492.0
489.0,492.0
488.0,491.0
489.0,492.0
490.0,493.0
489.0,491.0
486.0,493.0
489.0,493.0
491.0,492.0
488.0,493.0
488.0,493.0
489.0,494.0
490.0,491.0
488.0,489.0
488.0,490.0
489.0,492.0
490.0,491.0
488.0,490.0
489.0,492.0
489.0,492.0
489.0,492.0
488.0,491.0
489.0,492.0
490.0,493.0
489.0,493.0
488.0,491.0
490.0,491.0
491.0,493.0
489.0,493.0
487.0,493.0
489.0,492.0
490.0,491.0
489.0,491.0
487.0,492.0
490.0,495.0
490.0,494.0
488.0,492.0
488.0,490.0
490.0,491.0
490.0,492.0
488.0,491.0
489.0,493.0
490.0,493.0
490.0,491.0
488.0,489.0
489.0,490.0
490.0,491.0
490.0,491.0
489.0,490.0
489.0,492.0
490.0,493.0
490.0,492.0
488.0,493.0
490.0,493.0
491.0,491.0
489.0,491.0
488.0,491.0
490.0,493.0
491.0,496.0
489.0,492.0
488.0,493.0
490.0,493.0
490.0,493.0
489.0,493.0
489.0,492.0
491.0,491.0
490.0,492.0
489.0,491.0
490.0,492.0
490.0,492.0
490.0,492.0
489.0,491.0
489.0,493.0
490.0,494.0
490.0,492.0
488.0,492.0
489.0,494.0
491.0,492.0
490.0,491.0
488.0,493.0
490.0,493.0
492.0,491.0
489.0,492.0
488.0,494.0
490.0,493.0
491.0,491.0
489.0,491.0
489.0,491.0
491.0,494.0
490.0,492.0
489.0,490.0
490.0,491.0
490.0,493.0
490.0,492.0
489.0,492.0
490.0,493.0
490.0,493.0
489.0,492.0
489.0,492.0
490.0,494.0
491.0,493.0
490.0,491.0
488.0,492.0
489.0,492.0
492.0,492.0
489.0,491.0
488.0,492.0
489.0,492.0
491.0,492.0
489.0,492.0
488.0,494.0
490.0,494.0
490.0,492.0
488.0,491.0
489.0,492.0
490.0,493.0
490.0,492.0
489.0,492.0
489.0,493.0
490.0,493.0
490.0,493.0
489.0,493.0
490.0,492.0
490.0,492.0
489.0,492.0
488.0,492.0
489.0,494.0
492.0,493.0
489.0,491.0
487.0,492.0
490.0,493.0
491.0,492.0
489.0,492.0
488.0,491.0
490.0,493.0
490.0,492.0
488.0,491.0
489.0,492.0
490.0,493.0
489.0,492.0
489.0,491.0
489.0,492.0
490.0,493.0
490.0,492.0
489.0,492.0
489.0,493.0
490.0,493.0
489.0,492.0
488.0,492.0
490.0,493.0
491.0,493.0
489.0,492.0
487.0,493.0
489.0,493.0
491.0,491.0
488.0,491.0
488.0,492.0
490.0,493.0
490.0,493.0
489.0,492.0
489.0,492.0
490.0,493.0
490.0,493.0
489.0,491.0
489.0,492.0
490.0,493.0
489.0,491.0
488.0,489.0
490.0,490.0
490.0,492.0
490.0,492.0
488.0,492.0
489.0,493.0
491.0,492.0
490.0,492.0
488.0,493.0
489.0,493.0
491.0,492.0
489.0,492.0
488.0,494.0
490.0,496.0
490.0,494.0
489.0,492.0
489.0,491.0
490.0,492.0
490.0,493.0
489.0,492.0
489.0,493.0
490.0,493.0
490.0,492.0
488.0,491.0
490.0,493.0
490.0,494.0
489.0,492.0
488.0,492.0
489.0,493.0
490.0,494.0
490.0,494.0
488.0,493.0
489.0,492.0
492.0,492.0
489.0,491.0
488.0,495.0
491.0,493.0
491.0,492.0
489.0,492.0
488.0,492.0
490.0,493.0
490.0,492.0
488.0,492.0
489.0,493.0
490.0,493.0
490.0,492.0
489.0,492.0
489.0,493.0
490.0,493.0
490.0,492.0
488.0,492.0
489.0,493.0
490.0,493.0
490.0,492.0
488.0,492.0
489.0,493.0
491.0,492.0
489.0,492.0
487.0,493.0
490.0,493.0
491.0,492.0
488.0,492.0
488.0,492.0
490.0,493.0
490.0,492.0
488.0,493.0
488.0,493.0
490.0,493.0
490.0,492.0
488.0,493.0
489.0,492.0
490.0,493.0
490.0,494.0
488.0,492.0
489.0,492.0
491.0,493.0
490.0,492.0
489.0,492.0
489.0,493.0
491.0,492.0
490.0,492.0
487.0,493.0
489.0,493.0
492.0,492.0
489.0,493.0
488.0,495.0
490.0,496.0
490.0,493.0
489.0,491.0
488.0,491.0
490.0,493.0
490.0,492.0
489.0,492.0
489.0,493.0
490.0,493.0
490.0,492.0
488.0,492.0
490.0,493.0
490.0,493.0
490.0,493.0
489.0,492.0
490.0,493.0
490.0,493.0
489.0,493.0
488.0,494.0
489.0,495.0
491.0,493.0
489.0,493.0
487.0,493.0
490.0,492.0
491.0,492.0
489.0,491.0
488.0,492.0
490.0,493.0
490.0,493.0
488.0,493.0
489.0,493.0
491.0,494.0
490.0,492.0
489.0,491.0
490.0,491.0
490.0,492.0
490.0,493.0
489.0,493.0
489.0,492.0
490.0,492.0
489.0,490.0
489.0,492.0
489.0,493.0
492.0,492.0
490.0,492.0
488.0,493.0
490.0,493.0
492.0,492.0
489.0,493.0
489.0,492.0
491.0,493.0
491.0,494.0
489.0,493.0
489.0,493.0
490.0,493.0
490.0,493.0
489.0,493.0
490.0,493.0
490.0,493.0
490.0,492.0
489.0,492.0
490.0,493.0
490.0,494.0
490.0,493.0
489.0,493.0
490.0,493.0
491.0,492.0
489.0,492.0
487.0,493.0
489.0,494.0
491.0,493.0
488.0,492.0
488.0,492.0
490.0,493.0
490.0,494.0
488.0,492.0
489.0,493.0
490.0,494.0
490.0,492.0
488.0,492.0
489.0,492.0
490.0,494.0
490.0,492.0
489.0,492.0
489.0,492.0
491.0,492.0
489.0,493.0
488.0,493.0
490.0,493.0
490.0,493.0
490.0,492.0
488.0,493.0
490.0,494.0
491.0,493.0
489.0,493.0
487.0,494.0
490.0,493.0
490.0,492.0
489.0,491.0
489.0,492.0
490.0,493.0
490.0,492.0
489.0,492.0
489.0,492.0
490.0,493.0
489.0,492.0
489.0,492.0
490.0,493.0
490.0,493.0
490.0,492.0
489.0,492.0
490.0,493.0
490.0,493.0
490.0,493.0
488.0,495.0
489.0,493.0
491.0,491.0
490.0,492.0
488.0,492.0
491.0,493.0
491.0,493.0
489.0,492.0
489.0,493.0
490.0,493.0
491.0,492.0
489.0,492.0
489.0,493.0
491.0,493.0
490.0,492.0
489.0,492.0
490.0,493.0
491.0,493.0
490.0,493.0
489.0,492.0
489.0,493.0
491.0,493.0
489.0,494.0
489.0,493.0
489.0,492.0
492.0,492.0
490.0,491.0
488.0,493.0
490.0,493.0
491.0,493.0
489.0,492.0
488.0,492.0
490.0,493.0
490.0,493.0
489.0,493.0
489.0,493.0
490.0,493.0
490.0,494.0
489.0,495.0
490.0,493.0
491.0,494.0
490.0,492.0
489.0,492.0
489.0,493.0
490.0,492.0
490.0,492.0
489.0,491.0
489.0,493.0
491.0,491.0
490.0,490.0
488.0,492.0
490.0,493.0
492.0,492.0
490.0,492.0
488.0,492.0
491.0,494.0
491.0,493.0
489.0,493.0
489.0,495.0
491.0,494.0
491.0,492.0
489.0,492.0
489.0,492.0
491.0,493.0
490.0,492.0
489.0,492.0
490.0,492.0
491.0,493.0
490.0,492.0
490.0,492.0
490.0,494.0
491.0,493.0
490.0,491.0
489.0,493.0
490.0,494.0
492.0,493.0
490.0,493.0
488.0,493.0
491.0,494.0
492.0,493.0
490.0,493.0
489.0,493.0
491.0,494.0
491.0,493.0
490.0,492.0
489.0,492.0
491.0,493.0
491.0,492.0
489.0,493.0
489.0,493.0
491.0,493.0
490.0,492.0
490.0,492.0
490.0,493.0
491.0,493.0
490.0,492.0
490.0,494.0
490.0,494.0
492.0,493.0
490.0,492.0
488.0,493.0
490.0,493.0
492.0,494.0
489.0,493.0
489.0,494.0
491.0,495.0
492.0,492.0
490.0,491.0
489.0,492.0
492.0,493.0
491.0,492.0
489.0,492.0
490.0,492.0
491.0,493.0
490.0,492.0
490.0,492.0
490.0,493.0
491.0,493.0
490.0,492.0
490.0,493.0
490.0,493.0
492.0,493.0
490.0,492.0
489.0,493.0
490.0,493.0
492.0,492.0
490.0,492.0
489.0,493.0
492.0,495.0
492.0,495.0
490.0,493.0
490.0,492.0
491.0,493.0
491.0,492.0
490.0,492.0
490.0,492.0
491.0,493.0
490.0,492.0
490.0,492.0
490.0,493.0
491.0,493.0
490.0,492.0
489.0,493.0
490.0,494.0
491.0,493.0
490.0,493.0
489.0,492.0
490.0,492.0
492.0,492.0
490.0,492.0
488.0,493.0
491.0,494.0
492.0,493.0
490.0,492.0
489.0,493.0
491.0,494.0
491.0,493.0
489.0,492.0
489.0,492.0
491.0,493.0
490.0,494.0
489.0,493.0
490.0,492.0
491.0,493.0
490.0,492.0
489.0,493.0
490.0,492.0
490.0,492.0
490.0,491.0
488.0,493.0
490.0,493.0
491.0,494.0
490.0,493.0
487.0,492.0
490.0,493.0
492.0,494.0
489.0,492.0
488.0,493.0
490.0,493.0
491.0,492.0
489.0,492.0
489.0,492.0
491.0,492.0
490.0,490.0
489.0,492.0
490.0,491.0
490.0,492.0
490.0,490.0
489.0,492.0
490.0,493.0
490.0,494.0
490.0,493.0
489.0,493.0
490.0,492.0
491.0,492.0
490.0,493.0
488.0,492.0
489.0,493.0
492.0,492.0
489.0,492.0
488.0,493.0
489.0,494.0
491.0,492.0
489.0,493.0
488.0,493.0
490.0,493.0
491.0,493.0
488.0,495.0
489.0,494.0
491.0,492.0
490.0,490.0
489.0,491.0
490.0,492.0
491.0,493.0
490.0,492.0
489.0,493.0
490.0,494.0
491.0,493.0
490.0,493.0
489.0,493.0
489.0,493.0
492.0,493.0
490.0,492.0
489.0,493.0
491.0,493.0
491.0,494.0
489.0,493.0
489.0,494.0
491.0,496.0
491.0,493.0
489.0,490.0
489.0,491.0
491.0,494.0
490.0,492.0
489.0,492.0
489.0,492.0
491.0,494.0
490.0,492.0
489.0,493.0
489.0,493.0
491.0,493.0
490.0,492.0
488.0,493.0
490.0,492.0
492.0,494.0
490.0,493.0
488.0,492.0
491.0,496.0
492.0,493.0
489.0,491.0
489.0,492.0
491.0,493.0
491.0,492.0
489.0,493.0
490.0,493.0
491.0,494.0
491.0,494.0
489.0,494.0
490.0,493.0
491.0,492.0
490.0,491.0
490.0,492.0
490.0,493.0
491.0,494.0
490.0,492.0
490.0,493.0
490.0,494.0
492.0,493.0
489.0,492.0
488.0,492.0
490.0,493.0
492.0,493.0
490.0,493.0
489.0,493.0
491.0,494.0
491.0,493.0
490.0,492.0
489.0,492.0
491.0,495.0
491.0,493.0
489.0,491.0
490.0,491.0
491.0,493.0
490.0,492.0
489.0,492.0
489.0,493.0
491.0,493.0
490.0,492.0
489.0,494.0
489.0,494.0
491.0,493.0
490.0,492.0
488.0,492.0
490.0,494.0
492.0,493.0
489.0,492.0
488.0,492.0
491.0,493.0
491.0,492.0
490.0,491.0
489.0,492.0
491.0,493.0
491.0,493.0
489.0,493.0
489.0,494.0
490.0,496.0
490.0,493.0
488.0,490.0
489.0,491.0
490.0,493.0
490.0,492.0
489.0,493.0
490.0,493.0
491.0,493.0
490.0,492.0
488.0,492.0
489.0,492.0
491.0,491.0
490.0,491.0
488.0,492.0
490.0,492.0
491.0,491.0
489.0,492.0
489.0,495.0
490.0,495.0
491.0,493.0
489.0,493.0
488.0,492.0
490.0,492.0
490.0,492.0
489.0,493.0
492.0,494.0
490.0,494.0
490.0,492.0
489.0,493.0
490.0,494.0
490.0,492.0
490.0,493.0
489.0,493.0
489.0,493.0
491.0,493.0
490.0,495.0
488.0,493.0
490.0,493.0
492.0,494.0
489.0,492.0
488.0,492.0
490.0,493.0
490.0,492.0
489.0,492.0
488.0,493.0
490.0,493.0
490.0,493.0
489.0,493.0
490.0,495.0
491.0,496.0
489.0,492.0
489.0,493.0
489.0,493.0
491.0,491.0
490.0,492.0
489.0,495.0
490.0,493.0
491.0,492.0
490.0,491.0
488.0,493.0
490.0,493.0
492.0,493.0
490.0,493.0
488.0,493.0
491.0,493.0
491.0,493.0
490.0,493.0
491.0,496.0
491.0,493.0
491.0,492.0
490.0,492.0
490.0,493.0
491.0,493.0
490.0,491.0
490.0,491.0
489.0,493.0
491.0,492.0
490.0,492.0
490.0,493.0
490.0,494.0
492.0,493.0
490.0,493.0
489.0,493.0
490.0,493.0
492.0,493.0
490.0,493.0
489.0,493.0
491.0,494.0
492.0,492.0
490.0,492.0
490.0,493.0
491.0,494.0
492.0,495.0
490.0,494.0
490.0,493.0
492.0,493.0
491.0,494.0
489.0,493.0
490.0,492.0
491.0,493.0
490.0,492.0
490.0,495.0
490.0,495.0
491.0,493.0
490.0,491.0
490.0,493.0
490.0,493.0
492.0,493.0
490.0,493.0
489.0,493.0
491.0,493.0
492.0,495.0
490.0,495.0
489.0,492.0
491.0,491.0
491.0,492.0
490.0,493.0
489.0,494.0
491.0,495.0
491.0,492.0
489.0,492.0
489.0,493.0
491.0,492.0
490.0,492.0
489.0,493.0
489.0,493.0
491.0,492.0
489.0,492.0
489.0,495.0
490.0,494.0
491.0,492.0
490.0,491.0
488.0,492.0
489.0,493.0
492.0,494.0
490.0,493.0
488.0,494.0
491.0,494.0
491.0,493.0
489.0,492.0
489.0,493.0
491.0,493.0
491.0,492.0
489.0,491.0
490.0,492.0
491.0,491.0
490.0,491.0
489.0,491.0
490.0,494.0
491.0,492.0
490.0,490.0
489.0,493.0
489.0,492.0
491.0,493.0
490.0,492.0
489.0,495.0
490.0,495.0
492.0,492.0
491.0,493.0
488.0,495.0
491.0,494.0
492.0,492.0
490.0,491.0
489.0,493.0
491.0,493.0
491.0,493.0
489.0,493.0
490.0,493.0
491.0,493.0
491.0,492.0
489.0,493.0
490.0,493.0
491.0,492.0
490.0,492.0
490.0,493.0
490.0,494.0
491.0,494.0
490.0,493.0
489.0,494.0
490.0,495.0
492.0,494.0
490.0,492.0
488.0,492.0
490.0,493.0
492.0,493.0
489.0,492.0
488.0,493.0
491.0,494.0
491.0,492.0
489.0,493.0
489.0,493.0
490.0,493.0
491.0,493.0
489.0,493.0
490.0,494.0
491.0,493.0
489.0,495.0
489.0,495.0
490.0,494.0
491.0,492.0
490.0,491.0
489.0,493.0
490.0,493.0
491.0,493.0
490.0,492.0
488.0,493.0
490.0,493.0
492.0,494.0
490.0,493.0
488.0,492.0
490.0,494.0
490.0,494.0
489.0,492.0
489.0,493.0
491.0,493.0
490.0,492.0
489.0,494.0
489.0,495.0
491.0,494.0
490.0,492.0
489.0,493.0
490.0,493.0
491.0,492.0
490.0,493.0
489.0,495.0
489.0,493.0
491.0,492.0
490.0,494.0
489.0,493.0
490.0,495.0
492.0,492.0
490.0,491.0
488.0,492.0
491.0,493.0
492.0,492.0
489.0,492.0
489.0,493.0
491.0,494.0
491.0,493.0
489.0,492.0
489.0,494.0
491.0,494.0
490.0,492.0
489.0,493.0
490.0,494.0
491.0,493.0
489.0,492.0
489.0,493.0
489.0,493.0
491.0,493.0
490.0,492.0
489.0,492.0
490.0,496.0
492.0,494.0
490.0,491.0
488.0,492.0
490.0,495.0
492.0,493.0
489.0,492.0
489.0,492.0
490.0,493.0
491.0,494.0
489.0,492.0
490.0,493.0
491.0,493.0
490.0,493.0
489.0,492.0
490.0,493.0
491.0,493.0
490.0,492.0
489.0,493.0
490.0,494.0
491.0,493.0
490.0,492.0
489.0,493.0
490.0,493.0
491.0,493.0
490.0,493.0
490.0,493.0
490.0,494.0
492.0,492.0
490.0,490.0
488.0,489.0
491.0,492.0
491.0,492.0
489.0,492.0
489.0,493.0
491.0,494.0
491.0,492.0
489.0,492.0
489.0,494.0
491.0,493.0
490.0,493.0
489.0,495.0
490.0,494.0
491.0,492.0
490.0,492.0
489.0,495.0
489.0,493.0
491.0,493.0
490.0,492.0
490.0,492.0
490.0,494.0
492.0,493.0
490.0,492.0
488.0,493.0
491.0,493.0
491.0,492.0
489.0,492.0
489.0,493.0
490.0,494.0
490.0,493.0
489.0,492.0
489.0,493.0
490.0,493.0
490.0,492.0
489.0,493.0
489.0,494.0
490.0,492.0
490.0,492.0
489.0,494.0
490.0,494.0
490.0,494.0
490.0,492.0
488.0,493.0
490.0,494.0
491.0,492.0
489.0,492.0
487.0,493.0
489.0,493.0
491.0,492.0
488.0,492.0
488.0,493.0
490.0,493.0
490.0,493.0
489.0,493.0
489.0,493.0
490.0,496.0
490.0,493.0
489.0,492.0
489.0,493.0
490.0,494.0
490.0,492.0
489.0,493.0
490.0,492.0
490.0,494.0
490.0,493.0
488.0,492.0
490.0,492.0
491.0,492.0
490.0,492.0
488.0,493.0
489.0,494.0
492.0,492.0
489.0,492.0
488.0,493.0
490.0,494.0
490.0,493.0
489.0,492.0
489.0,494.0
491.0,496.0
490.0,492.0
489.0,491.0
489.0,492.0
490.0,492.0
490.0,492.0
489.0,493.0
490.0,494.0
491.0,492.0
490.0,492.0
489.0,493.0
489.0,493.0
491.0,493.0
490.0,492.0
488.0,493.0
490.0,493.0
492.0,493.0
489.0,495.0
488.0,493.0
490.0,491.0
491.0,491.0
489.0,492.0
492.0,492.0
490.0,493.0
490.0,493.0
488.0,493.0
489.0,493.0
490.0,493.0
489.0,492.0
488.0,493.0
489.0,493.0
490.0,492.0
490.0,493.0
489.0,493.0
489.0,495.0
489.0,493.0
489.0,492.0
488.0,494.0
489.0,492.0
491.0,491.0
489.0,491.0
487.0,493.0
490.0,493.0
491.0,493.0
489.0,493.0
489.0,494.0
490.0,494.0
490.0,492.0
489.0,491.0
489.0,491.0
490.0,491.0
490.0,490.0
488.0,492.0
489.0,492.0
490.0,492.0
489.0,492.0
489.0,495.0
490.0,493.0
490.0,492.0
490.0,492.0
489.0,492.0
489.0,494.0
491.0,496.0
489.0,493.0
487.0,492.0
489.0,492.0
491.0,493.0
488.0,492.0
488.0,493.0
489.0,494.0
490.0,493.0
489.0,492.0
489.0,493.0
490.0,494.0
490.0,493.0
489.0,494.0
489.0,494.0
490.0,492.0
489.0,492.0
488.0,493.0
489.0,492.0
490.0,493.0
490.0,493.0
488.0,492.0
490.0,492.0
490.0,493.0
489.0,492.0
486.0,493.0
490.0,495.0
492.0,493.0
489.0,491.0
488.0,493.0
490.0,494.0
490.0,493.0
489.0,493.0
489.0,494.0
490.0,494.0
490.0,491.0
489.0,492.0
489.0,494.0
490.0,493.0
490.0,492.0
488.0,493.0
490.0,493.0
490.0,492.0
490.0,493.0
488.0,494.0
490.0,495.0
490.0,492.0
490.0,491.0
488.0,492.0
490.0,494.0
491.0,493.0
489.0,492.0
487.0,493.0
489.0,493.0
491.0,492.0
489.0,492.0
489.0,493.0
490.0,494.0
490.0,492.0
488.0,493.0
488.0,494.0
490.0,493.0
490.0,492.0
488.0,493.0
489.0,494.0
490.0,492.0
490.0,491.0
488.0,492.0
489.0,494.0
490.0,494.0
489.0,493.0
489.0,492.0
490.0,493.0
491.0,493.0
490.0,491.0
488.0,493.0
489.0,493.0
491.0,493.0
489.0,492.0
488.0,493.0
490.0,493.0
491.0,493.0
489.0,493.0
488.0,493.0
491.0,493.0
490.0,491.0
489.0,493.0
489.0,495.0
491.0,493.0
490.0,494.0
489.0,493.0
490.0,492.0
490.0,491.0
489.0,491.0
489.0,492.0
489.0,494.0
491.0,493.0
490.0,494.0
488.0,492.0
490.0,492.0
492.0,492.0
490.0,492.0
488.0,493.0
490.0,495.0
490.0,492.0
489.0,493.0
489.0,493.0
490.0,493.0
490.0,491.0
489.0,492.0
489.0,494.0
491.0,493.0
490.0,492.0
489.0,494.0
490.0,496.0
490.0,493.0
490.0,491.0
489.0,490.0
490.0,491.0
491.0,490.0
490.0,490.0
488.0,493.0
489.0,493.0
491.0,492.0
490.0,492.0
488.0,492.0
490.0,493.0
491.0,492.0
489.0,493.0
489.0,494.0
490.0,494.0
491.0,492.0
489.0,493.0
489.0,495.0
490.0,492.0
490.0,491.0
489.0,492.0
489.0,493.0
490.0,495.0
490.0,493.0
488.0,491.0
490.0,493.0
490.0,493.0
490.0,492.0
488.0,493.0
489.0,493.0
491.0,493.0
489.0,493.0
488.0,494.0
489.0,494.0
491.0,493.0
488.0,492.0
488.0,493.0
490.0,493.0
490.0,492.0
489.0,493.0
489.0,496.0
490.0,494.0
490.0,492.0
489.0,493.0
490.0,493.0
491.0,492.0
490.0,492.0
489.0,492.0
490.0,493.0
490.0,493.0
490.0,492.0
488.0,492.0
490.0,493.0
491.0,492.0
489.0,493.0
487.0,494.0
489.0,494.0
491.0,494.0
489.0,491.0
488.0,492.0
490.0,494.0
490.0,491.0
488.0,492.0
489.0,493.0
490.0,492.0
490.0,492.0
489.0,493.0
489.0,492.0
490.0,491.0
489.0,492.0
489.0,493.0
490.0,493.0
491.0,493.0
490.0,492.0
489.0,493.0
489.0,494.0
490.0,492.0
490.0,493.0
488.0,493.0
489.0,493.0
491.0,492.0
490.0,492.0
488.0,493.0
490.0,493.0
491.0,493.0
489.0,493.0
488.0,495.0
491.0,494.0
490.0,491.0
488.0,491.0
489.0,492.0
490.0,492.0
489.0,493.0
489.0,493.0
489.0,493.0
490.0,494.0
490.0,492.0
488.0,491.0
489.0,493.0
490.0,492.0
490.0,492.0
488.0,493.0
490.0,493.0
491.0,493.0
490.0,492.0
487.0,492.0
489.0,492.0
491.0,492.0
489.0,491.0
488.0,494.0
489.0,494.0
490.0,492.0
488.0,491.0
489.0,493.0
490.0,492.0
490.0,492.0
488.0,493.0
489.0,493.0
490.0,495.0
490.0,493.0
489.0,491.0
490.0,493.0
491.0,493.0
489.0,491.0
488.0,491.0
490.0,492.0
491.0,491.0
490.0,490.0
488.0,490.0
489.0,491.0
491.0,491.0
489.0,491.0
488.0,492.0
490.0,494.0
490.0,492.0
489.0,490.0
488.0,493.0
490.0,493.0
491.0,492.0
489.0,494.0
489.0,495.0
490.0,491.0
490.0,491.0
489.0,492.0
489.0,493.0
490.0,493.0
490.0,492.0
488.0,493.0
490.0,494.0
491.0,493.0
489.0,493.0
488.0,493.0
490.0,492.0
491.0,492.0
489.0,492.0
487.0,496.0
490.0,493.0
491.0,490.0
489.0,490.0
488.0,493.0
490.0,492.0
491.0,493.0
489.0,493.0
489.0,492.0
490.0,491.0
490.0,492.0
489.0,494.0
489.0,495.0
490.0,493.0
490.0,491.0
489.0,492.0
489.0,493.0
491.0,493.0
489.0,493.0
489.0,493.0
490.0,493.0
492.0,493.0
490.0,492.0
488.0,492.0
490.0,495.0
492.0,494.0
489.0,491.0
489.0,491.0
