490.0,493.0
490.0,492.0
490.0,493.0
489.0,493.0
489.0,493.0
489.0,493.0
489.0,493.0
488.0,494.0
489.0,494.0
489.0,494.0
489.0,494.0
489.0,494.0
490.0,494.0
491.0,496.0
490.0,494.0
490.0,493.0
490.0,495.0
491.0,496.0
491.0,493.0
488.0,493.0
490.0,496.0
492.0,495.0
490.0,493.0
488.0,493.0
490.0,496.0
491.0,494.0
490.0,493.0
489.0,494.0
490.0,497.0
491.0,494.0
490.0,492.0
489.0,494.0
490.0,496.0
490.0,495.0
489.0,493.0
489.0,494.0
490.0,496.0
490.0,494.0
489.0,492.0
490.0,491.0
489.0,496.0
490.0,493.0
488.0,493.0
490.0,496.0
492.0,495.0
490.0,493.0
488.0,493.0
490.0,496.0
492.0,495.0
490.0,492.0
489.0,493.0
489.0,495.0
491.0,492.0
489.0,490.0
489.0,493.0
490.0,495.0
490.0,493.0
489.0,492.0
489.0,493.0
490.0,495.0
490.0,494.0
489.0,492.0
489.0,493.0
490.0,496.0
490.0,493.0
489.0,492.0
489.0,495.0
490.0,495.0
489.0,492.0
487.0,493.0
489.0,495.0
491.0,495.0
489.0,492.0
487.0,493.0
489.0,496.0
490.0,494.0
489.0,492.0
488.0,493.0
490.0,496.0
490.0,493.0
489.0,492.0
488.0,494.0
489.0,495.0
490.0,494.0
489.0,492.0
489.0,493.0
489.0,495.0
490.0,494.0
489.0,492.0
489.0,494.0
490.0,495.0
490.0,492.0
488.0,492.0
489.0,495.0
490.0,495.0
489.0,492.0
487.0,493.0
489.0,495.0
490.0,495.0
489.0,492.0
487.0,493.0
489.0,496.0
490.0,493.0
489.0,491.0
488.0,493.0
490.0,496.0
489.0,494.0
489.0,492.0
488.0,493.0
489.0,495.0
490.0,494.0
488.0,492.0
488.0,493.0
489.0,495.0
489.0,493.0
488.0,492.0
489.0,495.0
489.0,495.0
489.0,492.0
487.0,493.0
490.0,495.0
490.0,494.0
489.0,492.0
487.0,493.0
489.0,496.0
490.0,493.0
488.0,491.0
488.0,493.0
490.0,496.0
490.0,493.0
488.0,492.0
488.0,493.0
489.0,495.0
489.0,494.0
488.0,492.0
488.0,493.0
489.0,495.0
489.0,493.0
489.0,492.0
489.0,494.0
488.0,495.0
490.0,492.0
488.0,492.0
489.0,495.0
491.0,494.0
489.0,492.0
488.0,493.0
489.0,495.0
491.0,494.0
489.0,491.0
488.0,493.0
489.0,495.0
491.0,493.0
489.0,491.0
488.0,493.0
489.0,495.0
490.0,493.0
489.0,492.0
489.0,493.0
490.0,495.0
490.0,494.0
489.0,492.0
489.0,494.0
490.0,495.0
490.0,493.0
489.0,491.0
489.0,494.0
490.0,495.0
490.0,492.0
489.0,492.0
489.0,495.0
492.0,494.0
489.0,491.0
488.0,493.0
490.0,495.0
492.0,493.0
490.0,491.0
489.0,493.0
490.0,495.0
491.0,493.0
489.0,491.0
489.0,493.0
489.0,496.0
490.0,494.0
489.0,492.0
489.0,493.0
490.0,495.0
489.0,493.0
489.0,492.0
489.0,494.0
490.0,495.0
489.0,492.0
489.0,492.0
489.0,495.0
491.0,494.0
490.0,490.0
488.0,491.0
489.0,493.0
491.0,493.0
490.0,490.0
488.0,493.0
490.0,495.0
491.0,493.0
490.0,491.0
488.0,493.0
490.0,495.0
491.0,493.0
490.0,492.0
489.0,493.0
491.0,495.0
491.0,493.0
490.0,492.0
489.0,493.0
491.0,496.0
491.0,493.0
490.0,492.0
490.0,494.0
491.0,495.0
490.0,492.0
489.0,493.0
489.0,495.0
492.0,494.0
490.0,492.0
489.0,493.0
490.0,496.0
492.0,494.0
490.0,491.0
489.0,493.0
490.0,496.0
492.0,493.0
490.0,491.0
490.0,493.0
491.0,495.0
491.0,494.0
490.0,492.0
490.0,493.0
490.0,495.0
490.0,493.0
490.0,491.0
490.0,494.0
490.0,495.0
490.0,493.0
489.0,492.0
490.0,495.0
491.0,494.0
489.0,492.0
488.0,493.0
490.0,496.0
491.0,494.0
490.0,492.0
488.0,493.0
490.0,496.0
491.0,493.0
490.0,492.0
488.0,493.0
489.0,495.0
490.0,493.0
489.0,492.0
488.0,492.0
490.0,495.0
489.0,493.0
489.0,492.0
489.0,493.0
490.0,496.0
490.0,493.0
489.0,492.0
489.0,495.0
490.0,495.0
490.0,492.0
488.0,492.0
489.0,495.0
490.0,494.0
489.0,492.0
487.0,493.0
489.0,496.0
490.0,493.0
489.0,491.0
487.0,493.0
489.0,496.0
489.0,493.0
488.0,492.0
487.0,493.0
489.0,495.0
489.0,494.0
488.0,492.0
488.0,493.0
489.0,495.0
490.0,493.0
488.0,491.0
488.0,494.0
490.0,495.0
489.0,492.0
488.0,492.0
489.0,495.0
489.0,493.0
489.0,492.0
487.0,493.0
489.0,495.0
490.0,493.0
489.0,491.0
487.0,493.0
489.0,495.0
490.0,493.0
489.0,491.0
488.0,494.0
489.0,495.0
490.0,494.0
489.0,491.0
488.0,492.0
489.0,495.0
490.0,493.0
489.0,490.0
489.0,493.0
489.0,495.0
489.0,492.0
489.0,492.0
489.0,494.0
489.0,495.0
490.0,492.0
488.0,492.0
489.0,495.0
490.0,494.0
490.0,492.0
487.0,493.0
489.0,496.0
491.0,493.0
489.0,491.0
488.0,493.0
489.0,495.0
490.0,492.0
489.0,491.0
489.0,493.0
489.0,495.0
490.0,493.0
489.0,491.0
488.0,491.0
489.0,493.0
489.0,493.0
489.0,490.0
489.0,493.0
489.0,494.0
489.0,492.0
489.0,492.0
489.0,495.0
489.0,494.0
490.0,491.0
488.0,493.0
489.0,495.0
491.0,493.0
490.0,491.0
487.0,492.0
490.0,495.0
491.0,493.0
489.0,491.0
488.0,493.0
489.0,495.0
490.0,493.0
489.0,492.0
488.0,493.0
490.0,495.0
490.0,493.0
489.0,492.0
489.0,493.0
489.0,496.0
490.0,493.0
489.0,492.0
489.0,495.0
490.0,495.0
489.0,492.0
489.0,493.0
489.0,495.0
491.0,494.0
489.0,492.0
488.0,493.0
489.0,496.0
491.0,493.0
490.0,491.0
488.0,493.0
489.0,496.0
491.0,493.0
489.0,491.0
489.0,493.0
490.0,495.0
490.0,494.0
489.0,492.0
489.0,492.0
490.0,496.0
489.0,493.0
489.0,492.0
489.0,494.0
490.0,495.0
489.0,493.0
489.0,492.0
489.0,495.0
489.0,495.0
490.0,492.0
488.0,492.0
489.0,495.0
491.0,494.0
490.0,491.0
487.0,493.0
489.0,496.0
491.0,493.0
490.0,491.0
489.0,494.0
490.0,496.0
491.0,494.0
490.0,492.0
489.0,493.0
490.0,495.0
491.0,494.0
490.0,492.0
489.0,494.0
490.0,496.0
490.0,493.0
489.0,493.0
490.0,495.0
490.0,494.0
490.0,492.0
489.0,493.0
490.0,495.0
491.0,494.0
489.0,492.0
488.0,493.0
490.0,496.0
492.0,494.0
489.0,492.0
488.0,494.0
489.0,496.0
491.0,493.0
490.0,492.0
488.0,493.0
490.0,496.0
491.0,494.0
490.0,492.0
489.0,493.0
490.0,496.0
490.0,493.0
489.0,492.0
489.0,494.0
490.0,495.0
490.0,492.0
489.0,492.0
490.0,495.0
489.0,495.0
490.0,492.0
488.0,493.0
489.0,496.0
491.0,494.0
490.0,492.0
488.0,493.0
490.0,496.0
491.0,493.0
488.0,491.0
487.0,494.0
490.0,496.0
490.0,494.0
489.0,492.0
488.0,493.0
489.0,496.0
490.0,494.0
489.0,492.0
489.0,493.0
489.0,495.0
489.0,493.0
489.0,492.0
489.0,495.0
490.0,494.0
490.0,491.0
489.0,491.0
489.0,493.0
490.0,493.0
490.0,491.0
488.0,493.0
489.0,495.0
491.0,493.0
490.0,491.0
488.0,493.0
489.0,496.0
491.0,493.0
490.0,492.0
488.0,493.0
490.0,495.0
491.0,493.0
489.0,492.0
489.0,493.0
490.0,495.0
490.0,493.0
489.0,492.0
489.0,494.0
490.0,495.0
490.0,492.0
489.0,492.0
489.0,495.0
490.0,494.0
489.0,492.0
489.0,493.0
490.0,496.0
491.0,493.0
489.0,491.0
488.0,493.0
490.0,496.0
491.0,493.0
489.0,492.0
488.0,493.0
490.0,495.0
491.0,493.0
490.0,492.0
489.0,493.0
490.0,495.0
491.0,494.0
489.0,492.0
489.0,493.0
490.0,495.0
490.0,493.0
490.0,492.0
490.0,495.0
490.0,494.0
490.0,492.0
490.0,492.0
489.0,495.0
490.0,494.0
490.0,492.0
489.0,493.0
490.0,495.0
492.0,493.0
490.0,491.0
489.0,493.0
490.0,496.0
493.0,493.0
490.0,492.0
489.0,493.0
491.0,496.0
492.0,494.0
490.0,492.0
490.0,493.0
491.0,495.0
491.0,493.0
490.0,491.0
490.0,494.0
491.0,495.0
491.0,492.0
490.0,492.0
490.0,495.0
491.0,494.0
491.0,492.0
489.0,493.0
490.0,496.0
492.0,494.0
491.0,492.0
489.0,493.0
489.0,496.0
492.0,493.0
490.0,492.0
488.0,494.0
490.0,495.0
491.0,494.0
490.0,492.0
489.0,493.0
490.0,495.0
490.0,494.0
490.0,492.0
489.0,493.0
490.0,495.0
490.0,493.0
489.0,492.0
489.0,494.0
490.0,495.0
490.0,492.0
490.0,493.0
489.0,495.0
490.0,494.0
489.0,491.0
489.0,493.0
490.0,496.0
491.0,493.0
490.0,492.0
488.0,493.0
489.0,496.0
491.0,493.0
489.0,491.0
488.0,493.0
489.0,495.0
490.0,493.0
489.0,492.0
488.0,493.0
490.0,495.0
490.0,493.0
488.0,491.0
488.0,494.0
489.0,495.0
490.0,492.0
488.0,492.0
488.0,495.0
489.0,494.0
489.0,492.0
488.0,493.0
489.0,495.0
489.0,494.0
489.0,491.0
487.0,493.0
489.0,495.0
490.0,493.0
489.0,492.0
487.0,494.0
489.0,494.0
489.0,493.0
489.0,490.0
488.0,491.0
490.0,494.0
489.0,493.0
488.0,491.0
488.0,493.0
490.0,495.0
490.0,493.0
488.0,492.0
488.0,495.0
489.0,495.0
489.0,492.0
489.0,493.0
488.0,495.0
489.0,494.0
489.0,492.0
488.0,493.0
489.0,496.0
490.0,494.0
489.0,492.0
487.0,493.0
488.0,496.0
490.0,493.0
489.0,492.0
487.0,493.0
489.0,495.0
490.0,494.0
488.0,492.0
488.0,493.0
489.0,495.0
490.0,493.0
489.0,492.0
488.0,494.0
489.0,495.0
490.0,492.0
489.0,492.0
489.0,494.0
489.0,494.0
489.0,492.0
489.0,493.0
489.0,495.0
490.0,494.0
489.0,491.0
487.0,493.0
489.0,495.0
491.0,493.0
489.0,491.0
487.0,494.0
489.0,495.0
490.0,493.0
489.0,492.0
488.0,493.0
489.0,495.0
490.0,494.0
489.0,492.0
488.0,493.0
489.0,495.0
489.0,493.0
488.0,492.0
488.0,494.0
489.0,494.0
490.0,492.0
488.0,493.0
489.0,495.0
489.0,494.0
489.0,492.0
488.0,493.0
488.0,496.0
490.0,493.0
489.0,491.0
487.0,493.0
489.0,495.0
491.0,493.0
489.0,491.0
487.0,493.0
489.0,495.0
490.0,494.0
489.0,492.0
487.0,493.0
489.0,495.0
489.0,493.0
488.0,492.0
488.0,494.0
489.0,495.0
489.0,492.0
488.0,493.0
489.0,495.0
489.0,495.0
489.0,492.0
489.0,493.0
489.0,495.0
489.0,494.0
489.0,491.0
488.0,493.0
487.0,496.0
490.0,493.0
489.0,491.0
487.0,493.0
489.0,495.0
491.0,493.0
489.0,492.0
488.0,493.0
489.0,495.0
490.0,494.0
488.0,492.0
488.0,493.0
489.0,495.0
491.0,492.0
488.0,492.0
488.0,494.0
490.0,494.0
489.0,492.0
488.0,492.0
488.0,495.0
489.0,494.0
490.0,491.0
488.0,493.0
489.0,496.0
489.0,493.0
489.0,491.0
487.0,493.0
489.0,496.0
490.0,493.0
489.0,491.0
486.0,493.0
489.0,495.0
490.0,493.0
488.0,492.0
488.0,493.0
489.0,495.0
490.0,493.0
488.0,492.0
488.0,494.0
489.0,493.0
489.0,490.0
489.0,490.0
488.0,493.0
489.0,493.0
489.0,491.0
488.0,492.0
489.0,495.0
489.0,493.0
489.0,491.0
487.0,493.0
488.0,495.0
490.0,493.0
489.0,491.0
486.0,493.0
489.0,495.0
490.0,493.0
488.0,492.0
486.0,493.0
489.0,495.0
489.0,493.0
488.0,492.0
487.0,493.0
489.0,495.0
489.0,493.0
487.0,492.0
488.0,495.0
489.0,494.0
489.0,492.0
488.0,493.0
488.0,495.0
489.0,494.0
489.0,492.0
487.0,493.0
488.0,495.0
490.0,493.0
488.0,490.0
486.0,494.0
489.0,495.0
490.0,493.0
488.0,491.0
486.0,493.0
489.0,495.0
490.0,494.0
488.0,492.0
487.0,493.0
488.0,495.0
489.0,493.0
487.0,492.0
487.0,495.0
489.0,495.0
489.0,492.0
488.0,492.0
488.0,495.0
489.0,494.0
489.0,492.0
488.0,493.0
488.0,495.0
489.0,494.0
489.0,492.0
487.0,493.0
486.0,496.0
490.0,493.0
489.0,492.0
487.0,493.0
489.0,495.0
490.0,494.0
489.0,492.0
488.0,493.0
489.0,495.0
489.0,493.0
488.0,492.0
487.0,493.0
489.0,495.0
489.0,493.0
488.0,492.0
488.0,495.0
489.0,495.0
489.0,492.0
488.0,493.0
488.0,495.0
489.0,494.0
490.0,492.0
488.0,493.0
488.0,495.0
489.0,493.0
489.0,492.0
487.0,493.0
489.0,496.0
490.0,493.0
489.0,492.0
487.0,493.0
489.0,495.0
490.0,494.0
488.0,492.0
487.0,493.0
489.0,495.0
489.0,493.0
488.0,492.0
487.0,494.0
489.0,495.0
489.0,492.0
487.0,493.0
488.0,495.0
489.0,494.0
489.0,492.0
488.0,493.0
488.0,495.0
489.0,494.0
489.0,491.0
488.0,493.0
489.0,496.0
489.0,493.0
488.0,491.0
486.0,493.0
489.0,495.0
490.0,493.0
488.0,492.0
486.0,493.0
489.0,495.0
490.0,494.0
488.0,492.0
487.0,494.0
489.0,496.0
489.0,492.0
488.0,492.0
488.0,495.0
489.0,494.0
489.0,490.0
488.0,490.0
489.0,493.0
489.0,493.0
489.0,491.0
488.0,493.0
489.0,495.0
490.0,493.0
489.0,491.0
488.0,493.0
489.0,495.0
491.0,493.0
490.0,491.0
487.0,493.0
489.0,495.0
491.0,494.0
489.0,492.0
486.0,493.0
489.0,495.0
490.0,493.0
489.0,491.0
488.0,494.0
490.0,495.0
490.0,492.0
489.0,492.0
489.0,495.0
490.0,494.0
489.0,492.0
489.0,493.0
489.0,496.0
490.0,494.0
489.0,491.0
489.0,493.0
489.0,496.0
491.0,493.0
489.0,492.0
488.0,493.0
490.0,495.0
492.0,493.0
490.0,492.0
488.0,493.0
490.0,495.0
491.0,494.0
490.0,492.0
489.0,493.0
490.0,495.0
491.0,493.0
490.0,492.0
489.0,495.0
490.0,495.0
491.0,492.0
489.0,493.0
489.0,495.0
490.0,495.0
490.0,492.0
490.0,493.0
489.0,496.0
490.0,493.0
490.0,492.0
489.0,494.0
489.0,496.0
492.0,493.0
490.0,492.0
489.0,493.0
489.0,496.0
492.0,494.0
489.0,492.0
488.0,493.0
490.0,496.0
491.0,493.0
490.0,492.0
489.0,494.0
490.0,495.0
491.0,492.0
490.0,492.0
489.0,495.0
491.0,494.0
490.0,493.0
490.0,493.0
489.0,496.0
490.0,494.0
490.0,492.0
490.0,494.0
489.0,496.0
491.0,494.0
490.0,492.0
489.0,494.0
489.0,496.0
492.0,494.0
490.0,493.0
489.0,493.0
490.0,496.0
492.0,494.0
490.0,493.0
489.0,494.0
491.0,496.0
491.0,493.0
490.0,493.0
489.0,494.0
491.0,495.0
491.0,493.0
490.0,493.0
490.0,496.0
491.0,494.0
491.0,492.0
490.0,493.0
490.0,496.0
491.0,494.0
491.0,492.0
489.0,494.0
490.0,496.0
492.0,494.0
490.0,492.0
489.0,494.0
490.0,496.0
493.0,495.0
490.0,493.0
489.0,494.0
491.0,496.0
493.0,494.0
490.0,493.0
490.0,495.0
491.0,496.0
492.0,493.0
490.0,493.0
490.0,496.0
492.0,494.0
492.0,491.0
490.0,492.0
490.0,495.0
492.0,494.0
492.0,491.0
491.0,494.0
491.0,496.0
492.0,494.0
491.0,492.0
490.0,495.0
491.0,496.0
493.0,494.0
491.0,492.0
489.0,494.0
491.0,496.0
493.0,495.0
490.0,492.0
490.0,494.0
491.0,496.0
492.0,493.0
490.0,493.0
490.0,495.0
492.0,495.0
492.0,493.0
490.0,493.0
490.0,496.0
491.0,495.0
491.0,493.0
490.0,494.0
490.0,496.0
492.0,494.0
491.0,492.0
490.0,494.0
490.0,496.0
492.0,494.0
491.0,492.0
490.0,494.0
491.0,496.0
493.0,495.0
491.0,493.0
490.0,494.0
492.0,496.0
493.0,493.0
491.0,493.0
490.0,495.0
492.0,495.0
493.0,493.0
490.0,493.0
490.0,495.0
492.0,495.0
492.0,493.0
490.0,493.0
490.0,496.0
492.0,495.0
492.0,492.0
490.0,494.0
490.0,497.0
492.0,494.0
492.0,492.0
490.0,495.0
491.0,497.0
493.0,494.0
491.0,493.0
490.0,494.0
490.0,496.0
493.0,495.0
490.0,493.0
489.0,494.0
491.0,496.0
493.0,493.0
490.0,493.0
490.0,495.0
491.0,495.0
492.0,492.0
490.0,493.0
490.0,495.0
491.0,495.0
491.0,492.0
490.0,493.0
490.0,496.0
491.0,494.0
490.0,492.0
490.0,493.0
489.0,496.0
492.0,493.0
490.0,492.0
489.0,493.0
489.0,495.0
492.0,494.0
490.0,492.0
489.0,493.0
490.0,495.0
492.0,493.0
490.0,492.0
489.0,491.0
490.0,495.0
491.0,493.0
490.0,492.0
490.0,494.0
491.0,494.0
492.0,492.0
490.0,492.0
490.0,495.0
491.0,493.0
493.0,492.0
490.0,493.0
490.0,496.0
491.0,493.0
491.0,491.0
490.0,493.0
490.0,495.0
493.0,493.0
491.0,492.0
489.0,493.0
491.0,495.0
493.0,493.0
491.0,492.0
490.0,493.0
492.0,496.0
493.0,493.0
491.0,491.0
489.0,493.0
492.0,492.0
492.0,491.0
490.0,492.0
490.0,494.0
492.0,494.0
492.0,491.0
491.0,493.0
491.0,496.0
492.0,493.0
492.0,491.0
490.0,493.0
491.0,495.0
492.0,493.0
491.0,492.0
490.0,494.0
491.0,495.0
493.0,494.0
491.0,492.0
490.0,493.0
491.0,495.0
493.0,493.0
490.0,492.0
490.0,494.0
491.0,495.0
492.0,492.0
490.0,492.0
490.0,495.0
491.0,494.0
492.0,492.0
490.0,493.0
490.0,495.0
491.0,494.0
491.0,490.0
490.0,493.0
490.0,496.0
491.0,493.0
491.0,492.0
490.0,493.0
490.0,496.0
492.0,493.0
490.0,491.0
489.0,493.0
490.0,495.0
492.0,493.0
490.0,492.0
489.0,493.0
490.0,495.0
492.0,493.0
490.0,492.0
489.0,495.0
490.0,495.0
491.0,492.0
490.0,493.0
490.0,496.0
490.0,494.0
491.0,492.0
490.0,493.0
490.0,496.0
491.0,494.0
491.0,491.0
490.0,493.0
489.0,496.0
491.0,493.0
491.0,492.0
490.0,493.0
490.0,495.0
492.0,494.0
490.0,492.0
489.0,493.0
490.0,495.0
493.0,493.0
490.0,492.0
489.0,494.0
491.0,495.0
492.0,492.0
490.0,492.0
490.0,495.0
491.0,495.0
492.0,492.0
490.0,492.0
490.0,495.0
491.0,494.0
491.0,492.0
490.0,493.0
490.0,495.0
491.0,492.0
491.0,491.0
490.0,493.0
490.0,495.0
492.0,493.0
491.0,492.0
490.0,493.0
490.0,495.0
493.0,493.0
491.0,492.0
489.0,493.0
491.0,495.0
492.0,493.0
490.0,492.0
489.0,494.0
491.0,495.0
492.0,492.0
490.0,493.0
489.0,495.0
490.0,494.0
491.0,492.0
490.0,493.0
489.0,496.0
490.0,493.0
490.0,492.0
490.0,493.0
490.0,496.0
490.0,492.0
490.0,491.0
490.0,493.0
490.0,495.0
491.0,493.0
490.0,490.0
488.0,492.0
490.0,493.0
492.0,492.0
490.0,490.0
488.0,492.0
489.0,494.0
491.0,492.0
489.0,492.0
488.0,494.0
489.0,494.0
490.0,491.0
489.0,492.0
488.0,494.0
489.0,493.0
489.0,491.0
489.0,493.0
489.0,495.0
489.0,493.0
490.0,491.0
489.0,493.0
489.0,495.0
490.0,493.0
490.0,491.0
488.0,492.0
489.0,494.0
490.0,493.0
489.0,491.0
487.0,492.0
489.0,494.0
490.0,492.0
489.0,491.0
487.0,493.0
489.0,493.0
490.0,491.0
488.0,491.0
487.0,494.0
489.0,492.0
490.0,490.0
488.0,492.0
488.0,494.0
490.0,493.0
490.0,490.0
488.0,492.0
488.0,494.0
489.0,492.0
489.0,490.0
489.0,493.0
488.0,494.0
489.0,493.0
489.0,491.0
487.0,492.0
489.0,494.0
490.0,493.0
489.0,491.0
486.0,493.0
489.0,494.0
489.0,492.0
488.0,492.0
487.0,494.0
489.0,493.0
490.0,491.0
488.0,492.0
487.0,494.0
489.0,493.0
490.0,490.0
488.0,493.0
488.0,495.0
489.0,493.0
489.0,491.0
488.0,493.0
488.0,495.0
489.0,493.0
489.0,492.0
487.0,493.0
488.0,495.0
490.0,493.0
489.0,492.0
486.0,492.0
489.0,495.0
490.0,493.0
488.0,492.0
487.0,494.0
489.0,494.0
489.0,492.0
488.0,492.0
487.0,495.0
489.0,494.0
489.0,491.0
488.0,493.0
488.0,495.0
489.0,493.0
489.0,491.0
488.0,493.0
488.0,495.0
489.0,493.0
489.0,492.0
488.0,494.0
488.0,496.0
489.0,494.0
489.0,492.0
487.0,493.0
488.0,496.0
489.0,494.0
488.0,492.0
486.0,495.0
489.0,496.0
489.0,493.0
488.0,493.0
486.0,496.0
489.0,495.0
489.0,493.0
487.0,493.0
488.0,496.0
489.0,495.0
489.0,492.0
487.0,494.0
487.0,496.0
489.0,493.0
489.0,491.0
488.0,493.0
488.0,496.0
489.0,494.0
486.0,493.0
488.0,494.0
488.0,496.0
489.0,496.0
489.0,493.0
486.0,494.0
488.0,496.0
490.0,494.0
489.0,493.0
486.0,495.0
489.0,496.0
489.0,493.0
488.0,493.0
487.0,496.0
489.0,496.0
489.0,493.0
488.0,493.0
488.0,496.0
489.0,495.0
489.0,492.0
488.0,494.0
488.0,496.0
489.0,494.0
489.0,492.0
488.0,494.0
488.0,496.0
489.0,494.0
489.0,492.0
487.0,493.0
488.0,495.0
490.0,493.0
489.0,491.0
487.0,494.0
489.0,495.0
490.0,492.0
489.0,492.0
487.0,494.0
489.0,494.0
490.0,492.0
489.0,492.0
488.0,495.0
489.0,493.0
490.0,491.0
489.0,493.0
488.0,495.0
489.0,493.0
489.0,491.0
489.0,493.0
489.0,495.0
490.0,493.0
489.0,491.0
489.0,492.0
489.0,494.0
490.0,494.0
490.0,492.0
488.0,492.0
489.0,494.0
492.0,492.0
489.0,491.0
488.0,494.0
490.0,494.0
491.0,491.0
490.0,492.0
489.0,494.0
490.0,494.0
491.0,491.0
489.0,492.0
489.0,495.0
490.0,493.0
491.0,491.0
489.0,493.0
489.0,495.0
491.0,492.0
490.0,490.0
490.0,492.0
489.0,494.0
490.0,493.0
490.0,490.0
489.0,492.0
489.0,494.0
491.0,493.0
490.0,491.0
488.0,493.0
490.0,494.0
492.0,491.0
490.0,491.0
488.0,493.0
490.0,493.0
491.0,491.0
490.0,491.0
489.0,494.0
490.0,493.0
491.0,491.0
489.0,492.0
488.0,495.0
490.0,493.0
490.0,490.0
489.0,493.0
489.0,494.0
490.0,492.0
489.0,491.0
489.0,492.0
489.0,494.0
490.0,493.0
490.0,491.0
488.0,492.0
489.0,494.0
490.0,492.0
489.0,491.0
487.0,493.0
489.0,494.0
491.0,491.0
489.0,491.0
488.0,494.0
489.0,493.0
490.0,492.0
489.0,492.0
488.0,494.0
489.0,493.0
490.0,490.0
489.0,492.0
489.0,494.0
490.0,491.0
490.0,488.0
490.0,492.0
489.0,491.0
490.0,493.0
489.0,491.0
489.0,491.0
489.0,494.0
490.0,493.0
490.0,491.0
487.0,493.0
489.0,494.0
491.0,491.0
489.0,491.0
487.0,494.0
489.0,494.0
490.0,491.0
489.0,491.0
488.0,494.0
489.0,493.0
490.0,491.0
489.0,492.0
488.0,494.0
489.0,492.0
489.0,491.0
489.0,493.0
489.0,494.0
489.0,493.0
490.0,491.0
488.0,492.0
489.0,494.0
489.0,493.0
490.0,491.0
488.0,493.0
489.0,495.0
491.0,492.0
490.0,491.0
487.0,493.0
489.0,494.0
491.0,491.0
489.0,492.0
487.0,494.0
489.0,493.0
490.0,491.0
489.0,492.0
488.0,494.0
489.0,492.0
490.0,490.0
489.0,492.0
488.0,495.0
489.0,493.0
489.0,491.0
489.0,493.0
489.0,494.0
489.0,493.0
490.0,491.0
489.0,492.0
489.0,494.0
490.0,493.0
490.0,491.0
487.0,492.0
489.0,495.0
490.0,492.0
489.0,491.0
487.0,493.0
489.0,494.0
490.0,491.0
489.0,492.0
487.0,494.0
489.0,493.0
489.0,491.0
488.0,493.0
487.0,495.0
489.0,493.0
489.0,491.0
488.0,492.0
488.0,495.0
489.0,493.0
489.0,491.0
488.0,492.0
488.0,495.0
489.0,493.0
489.0,491.0
487.0,492.0
488.0,495.0
489.0,493.0
489.0,491.0
486.0,494.0
488.0,494.0
490.0,492.0
488.0,492.0
486.0,495.0
489.0,494.0
489.0,491.0
488.0,493.0
487.0,496.0
489.0,494.0
489.0,492.0
488.0,493.0
487.0,496.0
489.0,493.0
489.0,492.0
488.0,494.0
488.0,496.0
489.0,494.0
489.0,492.0
488.0,493.0
488.0,495.0
489.0,494.0
488.0,492.0
487.0,494.0
487.0,496.0
489.0,493.0
488.0,492.0
486.0,494.0
488.0,495.0
489.0,492.0
487.0,492.0
486.0,496.0
488.0,494.0
489.0,492.0
487.0,493.0
486.0,496.0
488.0,494.0
489.0,492.0
487.0,493.0
487.0,496.0
488.0,493.0
488.0,492.0
487.0,493.0
488.0,495.0
489.0,494.0
488.0,491.0
487.0,492.0
488.0,493.0
489.0,492.0
489.0,491.0
486.0,493.0
488.0,494.0
490.0,492.0
488.0,492.0
486.0,494.0
489.0,494.0
489.0,491.0
488.0,492.0
487.0,495.0
489.0,493.0
489.0,491.0
488.0,493.0
487.0,495.0
489.0,493.0
489.0,492.0
488.0,493.0
488.0,495.0
489.0,493.0
489.0,491.0
488.0,493.0
488.0,495.0
489.0,493.0
489.0,492.0
487.0,493.0
488.0,495.0
490.0,492.0
489.0,492.0
486.0,494.0
489.0,494.0
490.0,492.0
488.0,492.0
487.0,495.0
489.0,494.0
490.0,491.0
488.0,493.0
487.0,495.0
489.0,493.0
489.0,491.0
488.0,493.0
488.0,495.0
489.0,493.0
489.0,491.0
488.0,492.0
488.0,495.0
489.0,493.0
489.0,492.0
488.0,493.0
489.0,494.0
490.0,493.0
489.0,491.0
487.0,494.0
489.0,494.0
491.0,493.0
490.0,492.0
487.0,494.0
489.0,494.0
491.0,491.0
489.0,492.0
488.0,495.0
491.0,493.0
491.0,491.0
489.0,493.0
489.0,495.0
490.0,493.0
490.0,491.0
490.0,493.0
489.0,495.0
490.0,493.0
490.0,491.0
490.0,492.0
489.0,494.0
490.0,493.0
490.0,491.0
489.0,493.0
489.0,495.0
491.0,492.0
490.0,492.0
489.0,494.0
489.0,494.0
493.0,492.0
489.0,492.0
488.0,495.0
490.0,493.0
491.0,491.0
490.0,493.0
489.0,495.0
490.0,493.0
491.0,491.0
489.0,493.0
489.0,494.0
490.0,493.0
491.0,491.0
490.0,493.0
489.0,495.0
490.0,493.0
490.0,491.0
490.0,493.0
490.0,495.0
491.0,493.0
490.0,491.0
489.0,493.0
490.0,494.0
492.0,492.0
490.0,491.0
489.0,494.0
490.0,493.0
492.0,491.0
489.0,492.0
489.0,495.0
490.0,493.0
492.0,490.0
490.0,493.0
490.0,495.0
490.0,493.0
491.0,491.0
490.0,493.0
490.0,495.0
490.0,493.0
490.0,491.0
489.0,492.0
489.0,495.0
490.0,493.0
490.0,492.0
490.0,493.0
489.0,495.0
490.0,493.0
490.0,492.0
488.0,494.0
490.0,495.0
491.0,492.0
490.0,492.0
488.0,495.0
489.0,495.0
491.0,491.0
489.0,492.0
488.0,494.0
489.0,492.0
490.0,490.0
489.0,493.0
488.0,495.0
489.0,493.0
489.0,491.0
489.0,493.0
488.0,495.0
489.0,493.0
490.0,492.0
488.0,493.0
489.0,495.0
490.0,493.0
489.0,492.0
488.0,494.0
489.0,495.0
490.0,492.0
489.0,492.0
486.0,494.0
489.0,495.0
491.0,491.0
488.0,493.0
487.0,495.0
489.0,494.0
489.0,491.0
488.0,493.0
487.0,496.0
489.0,493.0
489.0,491.0
487.0,493.0
487.0,495.0
489.0,494.0
489.0,492.0
487.0,492.0
487.0,495.0
489.0,493.0
489.0,491.0
487.0,493.0
488.0,495.0
489.0,492.0
489.0,492.0
487.0,494.0
488.0,494.0
490.0,492.0
489.0,492.0
486.0,495.0
489.0,493.0
490.0,492.0
488.0,493.0
487.0,495.0
489.0,493.0
489.0,492.0
488.0,493.0
487.0,495.0
489.0,493.0
489.0,491.0
488.0,494.0
488.0,495.0
489.0,494.0
489.0,492.0
488.0,493.0
488.0,495.0
489.0,493.0
489.0,492.0
488.0,494.0
488.0,495.0
489.0,492.0
489.0,492.0
487.0,495.0
488.0,495.0
490.0,492.0
489.0,493.0
487.0,495.0
489.0,494.0
490.0,492.0
489.0,493.0
487.0,496.0
489.0,493.0
489.0,492.0
488.0,493.0
488.0,495.0
489.0,493.0
489.0,492.0
488.0,493.0
489.0,496.0
489.0,494.0
489.0,490.0
489.0,493.0
489.0,495.0
489.0,493.0
489.0,492.0
487.0,495.0
489.0,495.0
490.0,492.0
490.0,493.0
487.0,495.0
489.0,494.0
491.0,492.0
489.0,493.0
487.0,496.0
489.0,494.0
489.0,492.0
489.0,494.0
487.0,496.0
489.0,494.0
489.0,492.0
488.0,493.0
491.0,495.0
489.0,494.0
490.0,492.0
488.0,493.0
489.0,495.0
489.0,494.0
489.0,492.0
488.0,494.0
489.0,496.0
489.0,492.0
490.0,493.0
487.0,495.0
489.0,495.0
490.0,493.0
489.0,493.0
487.0,495.0
489.0,494.0
490.0,492.0
488.0,493.0
487.0,496.0
489.0,494.0
489.0,492.0
488.0,494.0
487.0,495.0
489.0,493.0
489.0,492.0
488.0,492.0
488.0,495.0
489.0,494.0
489.0,492.0
488.0,493.0
489.0,495.0
489.0,492.0
489.0,490.0
488.0,493.0
489.0,494.0
490.0,491.0
490.0,492.0
487.0,494.0
489.0,494.0
491.0,492.0
489.0,493.0
487.0,495.0
489.0,494.0
490.0,491.0
489.0,493.0
488.0,496.0
489.0,493.0
490.0,492.0
489.0,494.0
488.0,496.0
489.0,494.0
489.0,492.0
489.0,493.0
489.0,495.0
489.0,493.0
489.0,492.0
489.0,494.0
489.0,495.0
490.0,492.0
490.0,492.0
488.0,495.0
489.0,494.0
491.0,492.0
490.0,492.0
487.0,495.0
489.0,494.0
491.0,492.0
489.0,493.0
487.0,496.0
489.0,493.0
490.0,491.0
488.0,493.0
488.0,496.0
489.0,493.0
489.0,492.0
488.0,493.0
488.0,495.0
490.0,494.0
489.0,492.0
488.0,493.0
488.0,496.0
489.0,493.0
489.0,492.0
488.0,494.0
488.0,495.0
489.0,493.0
489.0,493.0
487.0,495.0
488.0,495.0
490.0,492.0
488.0,493.0
486.0,496.0
489.0,494.0
489.0,492.0
488.0,494.0
487.0,496.0
489.0,493.0
489.0,492.0
488.0,494.0
487.0,495.0
489.0,494.0
489.0,492.0
487.0,493.0
488.0,495.0
489.0,493.0
488.0,492.0
487.0,493.0
488.0,495.0
489.0,492.0
488.0,492.0
486.0,495.0
487.0,495.0
489.0,492.0
488.0,493.0
485.0,495.0
488.0,494.0
489.0,492.0
487.0,493.0
485.0,496.0
488.0,494.0
489.0,491.0
487.0,493.0
486.0,496.0
488.0,493.0
488.0,491.0
486.0,493.0
486.0,495.0
488.0,494.0
488.0,492.0
487.0,493.0
487.0,495.0
488.0,493.0
488.0,492.0
487.0,494.0
487.0,495.0
489.0,493.0
488.0,492.0
486.0,495.0
488.0,495.0
489.0,492.0
488.0,493.0
486.0,495.0
493.0,494.0
491.0,491.0
486.0,493.0
485.0,495.0
488.0,493.0
489.0,491.0
490.0,493.0
493.0,496.0
489.0,494.0
484.0,492.0
485.0,493.0
487.0,495.0
489.0,493.0
489.0,492.0
486.0,493.0
486.0,495.0
490.0,493.0
492.0,492.0
488.0,495.0
485.0,495.0
487.0,492.0
487.0,493.0
484.0,493.0
487.0,494.0
490.0,492.0
493.0,493.0
488.0,495.0
486.0,493.0
494.0,491.0
495.0,495.0
485.0,500.0
485.0,496.0
488.0,492.0
485.0,490.0
485.0,494.0
489.0,495.0
494.0,496.0
487.0,494.0
483.0,493.0
496.0,490.0
495.0,495.0
487.0,503.0
478.0,496.0
479.0,487.0
489.0,486.0
488.0,495.0
490.0,504.0
489.0,496.0
485.0,485.0
484.0,495.0
492.0,508.0
508.0,500.0
488.0,487.0
482.0,489.0
484.0,508.0
485.0,518.0
496.0,497.0
491.0,475.0
482.0,477.0
486.0,481.0
486.0,487.0
493.0,493.0
492.0,493.0
489.0,486.0
489.0,489.0
493.0,497.0
493.0,495.0
483.0,493.0
486.0,493.0
497.0,490.0
484.0,501.0
478.0,505.0
486.0,495.0
493.0,485.0
496.0,487.0
489.0,505.0
490.0,501.0
493.0,480.0
495.0,481.0
504.0,494.0
480.0,503.0
473.0,491.0
493.0,485.0
490.0,484.0
487.0,493.0
492.0,493.0
493.0,489.0
488.0,489.0
482.0,493.0
488.0,497.0
499.0,497.0
508.0,497.0
483.0,491.0
478.0,488.0
486.0,492.0
497.0,497.0
501.0,509.0
481.0,502.0
489.0,486.0
493.0,491.0
483.0,494.0
489.0,489.0
489.0,493.0
497.0,498.0
495.0,492.0
492.0,491.0
494.0,490.0
491.0,495.0
492.0,499.0
493.0,500.0
495.0,499.0
492.0,493.0
493.0,491.0
493.0,492.0
493.0,497.0
491.0,499.0
491.0,497.0
492.0,505.0
491.0,495.0
493.0,487.0
493.0,487.0
495.0,494.0
492.0,503.0
493.0,500.0
495.0,490.0
498.0,496.0
491.0,494.0
491.0,495.0
495.0,494.0
493.0,487.0
499.0,495.0
494.0,494.0
491.0,495.0
491.0,497.0
491.0,494.0
495.0,497.0
494.0,497.0
493.0,498.0
492.0,495.0
494.0,491.0
498.0,497.0
493.0,499.0
492.0,501.0
496.0,495.0
492.0,489.0
493.0,492.0
491.0,495.0
495.0,495.0
494.0,495.0
489.0,499.0
492.0,498.0
496.0,494.0
491.0,502.0
492.0,502.0
493.0,492.0
494.0,493.0
492.0,494.0
492.0,502.0
494.0,504.0
495.0,499.0
492.0,484.0
494.0,490.0
492.0,495.0
493.0,494.0
492.0,496.0
493.0,497.0
493.0,494.0
493.0,495.0
492.0,501.0
491.0,497.0
491.0,493.0
495.0,492.0
491.0,498.0
492.0,499.0
494.0,492.0
492.0,495.0
490.0,498.0
492.0,497.0
494.0,496.0
492.0,490.0
490.0,497.0
493.0,499.0
493.0,495.0
490.0,492.0
489.0,493.0
492.0,496.0
491.0,497.0
490.0,491.0
490.0,493.0
493.0,496.0
492.0,493.0
490.0,494.0
490.0,495.0
490.0,491.0
491.0,492.0
490.0,497.0
490.0,496.0
493.0,493.0
491.0,492.0
490.0,495.0
490.0,495.0
493.0,491.0
490.0,493.0
490.0,496.0
490.0,493.0
493.0,491.0
490.0,493.0
488.0,495.0
492.0,495.0
491.0,493.0
490.0,494.0
490.0,496.0
490.0,499.0
490.0,492.0
490.0,489.0
489.0,494.0
491.0,492.0
491.0,492.0
489.0,494.0
490.0,494.0
490.0,493.0
492.0,493.0
488.0,495.0
490.0,496.0
492.0,494.0
490.0,493.0
489.0,494.0
490.0,496.0
491.0,493.0
490.0,497.0
489.0,497.0
490.0,494.0
493.0,492.0
490.0,493.0
489.0,492.0
490.0,495.0
491.0,492.0
490.0,492.0
490.0,495.0
491.0,493.0
491.0,492.0
490.0,494.0
492.0,496.0
490.0,492.0
491.0,492.0
490.0,495.0
490.0,496.0
491.0,492.0
490.0,492.0
489.0,495.0
491.0,496.0
494.0,493.0
491.0,493.0
488.0,494.0
490.0,493.0
491.0,493.0
490.0,492.0
489.0,495.0
492.0,493.0
492.0,491.0
490.0,492.0
490.0,496.0
492.0,497.0
490.0,494.0
490.0,495.0
491.0,496.0
492.0,492.0
492.0,493.0
490.0,493.0
490.0,496.0
490.0,492.0
491.0,492.0
490.0,495.0
490.0,492.0
492.0,492.0
491.0,493.0
488.0,493.0
489.0,494.0
494.0,497.0
491.0,492.0
489.0,493.0
491.0,494.0
492.0,492.0
490.0,491.0
488.0,494.0
490.0,492.0
492.0,493.0
490.0,488.0
488.0,493.0
491.0,492.0
492.0,492.0
489.0,493.0
489.0,496.0
490.0,495.0
489.0,492.0
490.0,492.0
491.0,493.0
490.0,495.0
490.0,492.0
487.0,493.0
489.0,494.0
491.0,492.0
490.0,491.0
488.0,493.0
489.0,493.0
491.0,493.0
489.0,493.0
487.0,496.0
489.0,493.0
491.0,492.0
489.0,491.0
487.0,495.0
490.0,494.0
490.0,491.0
490.0,492.0
489.0,496.0
489.0,493.0
489.0,492.0
489.0,494.0
488.0,495.0
491.0,494.0
489.0,491.0
488.0,494.0
487.0,495.0
491.0,492.0
490.0,492.0
488.0,494.0
489.0,494.0
489.0,496.0
488.0,493.0
488.0,494.0
490.0,492.0
489.0,491.0
488.0,496.0
487.0,495.0
489.0,495.0
491.0,492.0
486.0,492.0
488.0,495.0
489.0,495.0
490.0,493.0
489.0,492.0
488.0,495.0
489.0,493.0
489.0,493.0
488.0,495.0
489.0,494.0
489.0,492.0
490.0,493.0
488.0,492.0
486.0,494.0
489.0,492.0
490.0,494.0
488.0,496.0
489.0,493.0
493.0,491.0
489.0,493.0
487.0,496.0
489.0,495.0
491.0,495.0
487.0,495.0
488.0,494.0
490.0,493.0
490.0,493.0
488.0,494.0
488.0,495.0
490.0,493.0
489.0,492.0
489.0,494.0
489.0,495.0
489.0,496.0
489.0,493.0
488.0,494.0
489.0,495.0
490.0,493.0
489.0,493.0
487.0,496.0
489.0,493.0
491.0,493.0
489.0,495.0
488.0,497.0
489.0,494.0
490.0,491.0
489.0,494.0
487.0,497.0
488.0,495.0
489.0,493.0
489.0,493.0
489.0,494.0
489.0,495.0
489.0,493.0
489.0,494.0
488.0,495.0
489.0,495.0
489.0,493.0
487.0,496.0
489.0,495.0
490.0,494.0
489.0,495.0
488.0,497.0
489.0,493.0
490.0,492.0
489.0,494.0
485.0,496.0
489.0,495.0
492.0,490.0
489.0,494.0
486.0,494.0
489.0,492.0
491.0,491.0
488.0,494.0
488.0,495.0
489.0,494.0
490.0,495.0
489.0,495.0
487.0,493.0
489.0,493.0
490.0,496.0
489.0,493.0
487.0,496.0
490.0,494.0
489.0,492.0
488.0,494.0
488.0,496.0
489.0,493.0
489.0,494.0
488.0,495.0
488.0,494.0
490.0,493.0
489.0,495.0
487.0,496.0
489.0,493.0
490.0,493.0
489.0,494.0
487.0,497.0
489.0,495.0
489.0,492.0
487.0,493.0
488.0,495.0
490.0,494.0
489.0,495.0
489.0,493.0
488.0,496.0
489.0,491.0
490.0,492.0
488.0,495.0
489.0,495.0
489.0,493.0
489.0,494.0
488.0,496.0
489.0,495.0
489.0,492.0
489.0,494.0
487.0,495.0
489.0,494.0
489.0,492.0
489.0,493.0
489.0,495.0
489.0,494.0
490.0,493.0
487.0,495.0
487.0,497.0
488.0,493.0
489.0,492.0
488.0,492.0
486.0,496.0
488.0,493.0
489.0,492.0
488.0,495.0
487.0,496.0
489.0,493.0
489.0,491.0
488.0,496.0
488.0,494.0
489.0,492.0
488.0,493.0
488.0,495.0
489.0,496.0
490.0,493.0
488.0,493.0
487.0,497.0
488.0,493.0
490.0,493.0
489.0,494.0
485.0,496.0
489.0,494.0
490.0,491.0
489.0,493.0
487.0,497.0
489.0,496.0
489.0,491.0
488.0,493.0
489.0,496.0
489.0,494.0
489.0,492.0
489.0,494.0
489.0,496.0
489.0,494.0
489.0,492.0
489.0,494.0
490.0,495.0
489.0,493.0
489.0,494.0
488.0,496.0
487.0,493.0
491.0,492.0
490.0,495.0
487.0,497.0
489.0,495.0
491.0,493.0
489.0,494.0
485.0,494.0
489.0,496.0
490.0,494.0
488.0,491.0
488.0,492.0
490.0,493.0
493.0,492.0
489.0,493.0
488.0,496.0
489.0,493.0
490.0,492.0
489.0,495.0
487.0,494.0
491.0,491.0
490.0,492.0
489.0,495.0
491.0,495.0
491.0,493.0
490.0,494.0
489.0,497.0
489.0,493.0
493.0,491.0
489.0,494.0
488.0,496.0
490.0,495.0
492.0,495.0
490.0,494.0
489.0,492.0
490.0,493.0
492.0,492.0
490.0,492.0
489.0,496.0
490.0,495.0
491.0,491.0
490.0,493.0
489.0,495.0
491.0,493.0
491.0,493.0
491.0,498.0
490.0,493.0
491.0,492.0
492.0,492.0
491.0,496.0
491.0,496.0
493.0,492.0
491.0,493.0
490.0,495.0
491.0,493.0
493.0,493.0
491.0,492.0
490.0,495.0
491.0,495.0
494.0,494.0
490.0,492.0
490.0,495.0
492.0,495.0
494.0,492.0
490.0,493.0
492.0,496.0
491.0,493.0
492.0,492.0
491.0,496.0
490.0,496.0
492.0,493.0
492.0,492.0
492.0,494.0
491.0,493.0
493.0,493.0
493.0,494.0
487.0,496.0
491.0,493.0
493.0,492.0
492.0,494.0
490.0,495.0
492.0,493.0
494.0,495.0
492.0,496.0
492.0,494.0
494.0,494.0
493.0,492.0
492.0,493.0
491.0,496.0
493.0,495.0
493.0,492.0
491.0,494.0
490.0,494.0
493.0,492.0
492.0,493.0
491.0,495.0
494.0,493.0
493.0,493.0
492.0,492.0
491.0,496.0
493.0,496.0
495.0,491.0
493.0,492.0
491.0,495.0
491.0,494.0
495.0,491.0
493.0,492.0
492.0,497.0
492.0,494.0
495.0,491.0
492.0,492.0
492.0,493.0
494.0,493.0
494.0,491.0
491.0,492.0
491.0,494.0
494.0,492.0
494.0,492.0
491.0,494.0
491.0,495.0
493.0,492.0
495.0,492.0
493.0,493.0
493.0,493.0
494.0,493.0
496.0,495.0
494.0,494.0
493.0,493.0
495.0,489.0
494.0,490.0
492.0,493.0
495.0,493.0
497.0,490.0
494.0,493.0
492.0,492.0
495.0,493.0
496.0,492.0
493.0,491.0
492.0,494.0
495.0,492.0
495.0,489.0
493.0,491.0
493.0,494.0
494.0,492.0
495.0,491.0
492.0,493.0
492.0,493.0
495.0,493.0
494.0,494.0
493.0,493.0
493.0,492.0
496.0,493.0
494.0,495.0
493.0,491.0
494.0,491.0
497.0,490.0
494.0,492.0
491.0,495.0
494.0,492.0
495.0,491.0
493.0,492.0
492.0,495.0
494.0,493.0
494.0,490.0
493.0,490.0
493.0,493.0
495.0,493.0
496.0,490.0
493.0,492.0
492.0,493.0
494.0,492.0
494.0,493.0
493.0,493.0
493.0,495.0
494.0,491.0
494.0,491.0
492.0,491.0
493.0,492.0
495.0,489.0
493.0,493.0
491.0,495.0
494.0,493.0
496.0,488.0
493.0,491.0
490.0,494.0
493.0,493.0
496.0,490.0
493.0,491.0
491.0,492.0
494.0,493.0
495.0,493.0
493.0,490.0
493.0,494.0
493.0,491.0
496.0,491.0
493.0,494.0
495.0,493.0
496.0,491.0
497.0,493.0
494.0,493.0
495.0,491.0
498.0,489.0
497.0,491.0
494.0,496.0
494.0,488.0
497.0,489.0
495.0,492.0
492.0,493.0
496.0,493.0
501.0,490.0
496.0,492.0
494.0,493.0
497.0,493.0
497.0,492.0
495.0,493.0
494.0,495.0
497.0,492.0
498.0,488.0
494.0,492.0
493.0,492.0
496.0,491.0
496.0,491.0
496.0,492.0
496.0,493.0
496.0,491.0
495.0,491.0
495.0,493.0
496.0,491.0
495.0,489.0
496.0,492.0
494.0,494.0
497.0,489.0
497.0,490.0
496.0,491.0
494.0,494.0
497.0,492.0
499.0,490.0
494.0,491.0
494.0,494.0
497.0,493.0
498.0,488.0
495.0,489.0
495.0,491.0
498.0,491.0
496.0,490.0
496.0,496.0
495.0,491.0
497.0,489.0
496.0,491.0
494.0,492.0
495.0,493.0
497.0,490.0
496.0,490.0
493.0,495.0
496.0,494.0
498.0,490.0
496.0,492.0
495.0,492.0
495.0,490.0
497.0,490.0
497.0,492.0
494.0,492.0
496.0,493.0
499.0,490.0
495.0,490.0
494.0,493.0
497.0,492.0
497.0,490.0
494.0,494.0
494.0,496.0
495.0,489.0
497.0,488.0
492.0,492.0
494.0,493.0
496.0,491.0
494.0,489.0
493.0,492.0
495.0,492.0
494.0,491.0
494.0,492.0
493.0,493.0
494.0,491.0
495.0,487.0
494.0,491.0
490.0,492.0
493.0,493.0
494.0,491.0
492.0,490.0
491.0,493.0
494.0,493.0
494.0,489.0
492.0,491.0
489.0,494.0
493.0,491.0
493.0,490.0
490.0,495.0
490.0,492.0
490.0,489.0
492.0,490.0
492.0,493.0
491.0,492.0
492.0,491.0
490.0,492.0
489.0,492.0
491.0,492.0
491.0,488.0
491.0,492.0
489.0,493.0
491.0,491.0
491.0,489.0
490.0,490.0
488.0,493.0
490.0,495.0
491.0,492.0
489.0,490.0
487.0,492.0
490.0,491.0
490.0,490.0
487.0,491.0
487.0,493.0
489.0,491.0
491.0,491.0
487.0,492.0
486.0,492.0
489.0,491.0
488.0,491.0
487.0,491.0
487.0,492.0
487.0,491.0
488.0,492.0
486.0,495.0
487.0,493.0
489.0,487.0
487.0,491.0
485.0,492.0
486.0,493.0
489.0,490.0
486.0,489.0
484.0,492.0
487.0,495.0
489.0,489.0
485.0,490.0
485.0,494.0
488.0,492.0
488.0,489.0
484.0,491.0
485.0,493.0
486.0,492.0
487.0,490.0
485.0,492.0
484.0,493.0
486.0,490.0
485.0,493.0
485.0,495.0
485.0,490.0
485.0,489.0
485.0,491.0
483.0,495.0
484.0,492.0
487.0,489.0
486.0,489.0
482.0,493.0
485.0,492.0
487.0,490.0
484.0,490.0
483.0,493.0
486.0,493.0
487.0,490.0
483.0,489.0
482.0,493.0
485.0,492.0
486.0,490.0
483.0,492.0
483.0,492.0
487.0,490.0
486.0,491.0
484.0,494.0
484.0,492.0
485.0,489.0
485.0,493.0
483.0,492.0
484.0,491.0
484.0,491.0
484.0,491.0
483.0,493.0
484.0,493.0
487.0,491.0
485.0,491.0
481.0,492.0
484.0,492.0
489.0,492.0
483.0,491.0
482.0,495.0
483.0,492.0
486.0,490.0
483.0,494.0
484.0,493.0
485.0,490.0
485.0,492.0
483.0,493.0
484.0,492.0
486.0,492.0
486.0,492.0
483.0,494.0
484.0,491.0
484.0,490.0
485.0,491.0
484.0,493.0
484.0,491.0
485.0,492.0
484.0,492.0
483.0,492.0
483.0,494.0
488.0,490.0
484.0,492.0
481.0,494.0
487.0,494.0
488.0,493.0
483.0,492.0
482.0,494.0
484.0,492.0
486.0,491.0
483.0,491.0
483.0,493.0
484.0,491.0
485.0,492.0
484.0,492.0
484.0,492.0
486.0,491.0
485.0,492.0
482.0,493.0
485.0,495.0
486.0,490.0
485.0,491.0
484.0,494.0
485.0,494.0
488.0,489.0
486.0,491.0
483.0,494.0
485.0,493.0
486.0,491.0
486.0,491.0
484.0,492.0
486.0,492.0
488.0,491.0
486.0,494.0
484.0,494.0
485.0,489.0
488.0,491.0
486.0,496.0
483.0,492.0
487.0,488.0
488.0,491.0
485.0,493.0
485.0,493.0
487.0,491.0
488.0,491.0
485.0,493.0
485.0,492.0
486.0,490.0
488.0,493.0
486.0,496.0
485.0,492.0
489.0,491.0
485.0,492.0
485.0,493.0
489.0,493.0
488.0,493.0
486.0,492.0
485.0,495.0
485.0,492.0
488.0,489.0
485.0,494.0
485.0,496.0
487.0,491.0
487.0,491.0
486.0,492.0
485.0,493.0
487.0,492.0
487.0,492.0
487.0,494.0
485.0,493.0
486.0,491.0
487.0,493.0
484.0,494.0
486.0,493.0
488.0,492.0
488.0,493.0
485.0,495.0
485.0,495.0
488.0,491.0
484.0,491.0
483.0,493.0
486.0,494.0
489.0,490.0
486.0,493.0
484.0,494.0
487.0,494.0
487.0,492.0
486.0,496.0
483.0,493.0
488.0,488.0
487.0,492.0
485.0,492.0
486.0,492.0
487.0,491.0
486.0,492.0
486.0,494.0
486.0,490.0
487.0,489.0
487.0,492.0
486.0,494.0
486.0,493.0
488.0,492.0
487.0,492.0
484.0,493.0
486.0,492.0
489.0,491.0
486.0,491.0
484.0,494.0
487.0,494.0
488.0,491.0
487.0,494.0
485.0,493.0
489.0,491.0
486.0,491.0
486.0,493.0
485.0,494.0
487.0,491.0
487.0,491.0
485.0,493.0
486.0,492.0
488.0,491.0
487.0,492.0
485.0,494.0
486.0,492.0
487.0,491.0
487.0,492.0
484.0,494.0
486.0,496.0
487.0,492.0
487.0,491.0
486.0,494.0
487.0,493.0
488.0,488.0
488.0,493.0
484.0,495.0
487.0,493.0
488.0,490.0
486.0,494.0
485.0,493.0
487.0,491.0
488.0,492.0
486.0,493.0
486.0,493.0
488.0,492.0
486.0,493.0
486.0,494.0
487.0,492.0
489.0,491.0
488.0,495.0
486.0,495.0
486.0,494.0
489.0,491.0
488.0,491.0
486.0,496.0
487.0,494.0
489.0,490.0
487.0,492.0
484.0,494.0
486.0,493.0
489.0,493.0
487.0,495.0
484.0,495.0
488.0,492.0
489.0,492.0
487.0,493.0
486.0,495.0
488.0,491.0
489.0,493.0
488.0,495.0
486.0,493.0
488.0,492.0
488.0,493.0
487.0,497.0
487.0,495.0
488.0,490.0
487.0,492.0
485.0,496.0
487.0,496.0
488.0,493.0
488.0,491.0
484.0,496.0
489.0,496.0
489.0,490.0
487.0,491.0
484.0,494.0
488.0,493.0
489.0,492.0
487.0,494.0
484.0,494.0
488.0,493.0
488.0,493.0
486.0,494.0
485.0,494.0
488.0,493.0
489.0,494.0
488.0,497.0
486.0,495.0
488.0,492.0
489.0,492.0
486.0,494.0
487.0,493.0
488.0,491.0
488.0,493.0
485.0,494.0
487.0,493.0
489.0,493.0
487.0,493.0
485.0,495.0
488.0,494.0
489.0,489.0
486.0,493.0
484.0,493.0
488.0,492.0
489.0,492.0
488.0,495.0
487.0,495.0
488.0,490.0
488.0,492.0
487.0,492.0
488.0,495.0
488.0,493.0
488.0,491.0
486.0,493.0
487.0,493.0
489.0,493.0
488.0,492.0
487.0,493.0
488.0,493.0
489.0,493.0
487.0,491.0
487.0,491.0
489.0,493.0
489.0,491.0
488.0,493.0
486.0,495.0
489.0,492.0
489.0,491.0
488.0,493.0
486.0,492.0
488.0,491.0
489.0,492.0
488.0,494.0
486.0,493.0
488.0,492.0
489.0,493.0
488.0,494.0
488.0,493.0
489.0,493.0
489.0,492.0
487.0,495.0
488.0,492.0
489.0,491.0
488.0,494.0
486.0,494.0
488.0,493.0
489.0,490.0
488.0,492.0
487.0,495.0
488.0,493.0
489.0,489.0
488.0,493.0
487.0,494.0
488.0,493.0
489.0,492.0
488.0,494.0
487.0,494.0
489.0,492.0
490.0,492.0
488.0,494.0
487.0,493.0
489.0,491.0
489.0,493.0
487.0,494.0
488.0,493.0
489.0,492.0
489.0,492.0
486.0,494.0
488.0,493.0
489.0,492.0
489.0,492.0
485.0,494.0
488.0,496.0
489.0,492.0
487.0,491.0
485.0,495.0
488.0,494.0
489.0,493.0
487.0,494.0
485.0,493.0
488.0,492.0
489.0,494.0
487.0,494.0
486.0,495.0
489.0,493.0
489.0,491.0
486.0,493.0
485.0,493.0
489.0,492.0
489.0,494.0
488.0,496.0
488.0,494.0
487.0,491.0
487.0,493.0
487.0,496.0
489.0,497.0
489.0,490.0
488.0,491.0
484.0,496.0
487.0,495.0
489.0,491.0
488.0,494.0
485.0,496.0
489.0,492.0
489.0,491.0
488.0,494.0
486.0,493.0
488.0,492.0
489.0,493.0
486.0,496.0
486.0,494.0
490.0,491.0
489.0,493.0
486.0,495.0
488.0,494.0
489.0,494.0
488.0,494.0
488.0,496.0
487.0,493.0
489.0,493.0
489.0,493.0
488.0,493.0
488.0,494.0
490.0,491.0
489.0,493.0
487.0,496.0
489.0,492.0
491.0,491.0
489.0,494.0
487.0,495.0
488.0,493.0
490.0,492.0
488.0,496.0
488.0,493.0
489.0,491.0
489.0,492.0
488.0,495.0
487.0,494.0
489.0,492.0
489.0,493.0
488.0,496.0
487.0,493.0
488.0,493.0
488.0,496.0
487.0,493.0
488.0,493.0
489.0,492.0
487.0,491.0
486.0,496.0
488.0,495.0
491.0,490.0
488.0,492.0
486.0,493.0
488.0,493.0
490.0,493.0
487.0,495.0
488.0,493.0
489.0,491.0
489.0,492.0
488.0,494.0
487.0,496.0
489.0,491.0
488.0,492.0
488.0,494.0
487.0,493.0
487.0,493.0
490.0,495.0
486.0,496.0
486.0,491.0
489.0,493.0
489.0,493.0
488.0,494.0
487.0,493.0
489.0,493.0
488.0,494.0
486.0,493.0
488.0,493.0
490.0,493.0
489.0,493.0
486.0,495.0
488.0,494.0
489.0,491.0
489.0,493.0
487.0,494.0
489.0,492.0
489.0,493.0
487.0,496.0
488.0,493.0
489.0,492.0
489.0,494.0
488.0,495.0
488.0,494.0
489.0,491.0
490.0,492.0
487.0,495.0
487.0,493.0
489.0,491.0
489.0,493.0
487.0,494.0
488.0,494.0
490.0,493.0
488.0,494.0
486.0,494.0
489.0,493.0
491.0,492.0
488.0,494.0
485.0,496.0
489.0,491.0
489.0,493.0
486.0,495.0
486.0,493.0
489.0,493.0
491.0,496.0
488.0,493.0
487.0,492.0
488.0,491.0
490.0,494.0
488.0,495.0
489.0,493.0
488.0,493.0
489.0,494.0
489.0,495.0
488.0,495.0
489.0,492.0
489.0,492.0
486.0,498.0
488.0,493.0
490.0,491.0
490.0,494.0
485.0,496.0
489.0,494.0
490.0,493.0
489.0,496.0
487.0,494.0
489.0,491.0
490.0,493.0
488.0,495.0
487.0,495.0
489.0,493.0
489.0,493.0
488.0,496.0
488.0,497.0
489.0,493.0
489.0,491.0
488.0,496.0
487.0,495.0
489.0,492.0
489.0,491.0
488.0,494.0
488.0,494.0
490.0,492.0
489.0,493.0
486.0,495.0
489.0,493.0
491.0,493.0
488.0,495.0
487.0,497.0
489.0,490.0
490.0,492.0
489.0,496.0
488.0,496.0
489.0,493.0
490.0,492.0
489.0,495.0
488.0,494.0
489.0,491.0
491.0,494.0
488.0,494.0
489.0,493.0
490.0,491.0
489.0,493.0
488.0,495.0
489.0,496.0
491.0,493.0
489.0,492.0
487.0,495.0
489.0,494.0
492.0,493.0
489.0,494.0
487.0,497.0
489.0,493.0
490.0,492.0
490.0,493.0
487.0,492.0
489.0,490.0
491.0,491.0
489.0,493.0
488.0,493.0
489.0,492.0
489.0,492.0
488.0,496.0
489.0,495.0
489.0,493.0
490.0,493.0
487.0,495.0
488.0,493.0
489.0,492.0
489.0,494.0
489.0,498.0
488.0,493.0
490.0,490.0
490.0,492.0
488.0,495.0
489.0,493.0
491.0,493.0
490.0,493.0
486.0,494.0
489.0,493.0
491.0,493.0
488.0,492.0
488.0,494.0
490.0,493.0
489.0,495.0
488.0,496.0
489.0,492.0
490.0,492.0
490.0,493.0
486.0,495.0
488.0,493.0
489.0,493.0
489.0,493.0
488.0,496.0
489.0,493.0
489.0,492.0
489.0,493.0
487.0,496.0
488.0,495.0
489.0,491.0
488.0,492.0
485.0,496.0
489.0,492.0
490.0,492.0
488.0,495.0
486.0,494.0
488.0,492.0
490.0,492.0
487.0,494.0
487.0,494.0
488.0,493.0
489.0,494.0
487.0,495.0
486.0,495.0
489.0,493.0
489.0,493.0
488.0,494.0
489.0,494.0
489.0,493.0
487.0,492.0
488.0,493.0
489.0,494.0
489.0,492.0
489.0,493.0
486.0,495.0
488.0,495.0
489.0,492.0
489.0,493.0
487.0,494.0
488.0,493.0
490.0,493.0
488.0,495.0
487.0,494.0
488.0,491.0
488.0,493.0
487.0,496.0
488.0,495.0
487.0,494.0
490.0,493.0
488.0,496.0
487.0,493.0
488.0,492.0
489.0,493.0
488.0,496.0
488.0,496.0
489.0,490.0
489.0,493.0
488.0,495.0
487.0,494.0
490.0,493.0
489.0,493.0
486.0,497.0
488.0,493.0
489.0,492.0
489.0,493.0
486.0,496.0
488.0,494.0
491.0,493.0
488.0,495.0
486.0,492.0
489.0,492.0
489.0,494.0
488.0,496.0
488.0,493.0
489.0,493.0
489.0,493.0
486.0,494.0
487.0,493.0
489.0,493.0
488.0,493.0
487.0,495.0
488.0,495.0
489.0,494.0
488.0,495.0
488.0,493.0
486.0,494.0
490.0,492.0
489.0,495.0
486.0,496.0
488.0,492.0
489.0,491.0
488.0,495.0
484.0,493.0
487.0,494.0
489.0,494.0
488.0,495.0
486.0,495.0
489.0,493.0
490.0,493.0
488.0,496.0
486.0,492.0
489.0,492.0
490.0,493.0
487.0,493.0
488.0,493.0
489.0,492.0
489.0,492.0
487.0,495.0
488.0,496.0
487.0,493.0
489.0,492.0
487.0,497.0
489.0,492.0
489.0,492.0
489.0,494.0
486.0,495.0
489.0,495.0
491.0,493.0
488.0,495.0
487.0,496.0
488.0,492.0
490.0,492.0
488.0,495.0
487.0,495.0
490.0,493.0
490.0,494.0
488.0,495.0
487.0,492.0
491.0,492.0
489.0,496.0
488.0,498.0
488.0,493.0
489.0,492.0
490.0,494.0
489.0,495.0
489.0,493.0
489.0,492.0
489.0,494.0
488.0,496.0
489.0,493.0
491.0,493.0
489.0,496.0
487.0,492.0
489.0,492.0
491.0,492.0
489.0,495.0
489.0,495.0
489.0,492.0
490.0,495.0
488.0,495.0
486.0,494.0
490.0,492.0
490.0,493.0
489.0,495.0
489.0,494.0
489.0,492.0
489.0,493.0
489.0,497.0
489.0,493.0
489.0,493.0
489.0,493.0
489.0,495.0
489.0,494.0
489.0,492.0
490.0,493.0
488.0,494.0
489.0,496.0
491.0,491.0
488.0,493.0
488.0,494.0
489.0,493.0
489.0,493.0
489.0,496.0
488.0,493.0
489.0,492.0
490.0,493.0
489.0,497.0
486.0,493.0
489.0,491.0
489.0,493.0
489.0,493.0
489.0,495.0
490.0,491.0
489.0,492.0
488.0,495.0
489.0,494.0
489.0,493.0
487.0,494.0
488.0,494.0
489.0,493.0
491.0,492.0
488.0,493.0
487.0,495.0
489.0,493.0
490.0,492.0
488.0,495.0
488.0,494.0
489.0,492.0
490.0,493.0
489.0,498.0
488.0,495.0
490.0,491.0
489.0,494.0
488.0,495.0
489.0,492.0
490.0,491.0
489.0,493.0
488.0,494.0
489.0,495.0
489.0,493.0
490.0,494.0
489.0,493.0
489.0,493.0
490.0,493.0
489.0,495.0
486.0,494.0
489.0,493.0
492.0,493.0
491.0,493.0
488.0,494.0
489.0,492.0
491.0,493.0
489.0,497.0
487.0,494.0
490.0,492.0
492.0,494.0
489.0,495.0
488.0,492.0
489.0,491.0
490.0,496.0
489.0,495.0
489.0,492.0
490.0,493.0
490.0,492.0
489.0,495.0
489.0,494.0
490.0,492.0
491.0,491.0
488.0,493.0
489.0,491.0
492.0,493.0
490.0,493.0
489.0,492.0
489.0,491.0
492.0,492.0
489.0,496.0
489.0,494.0
491.0,491.0
492.0,492.0
489.0,494.0
488.0,494.0
489.0,493.0
492.0,493.0
489.0,496.0
489.0,496.0
491.0,490.0
489.0,492.0
490.0,495.0
491.0,495.0
491.0,491.0
489.0,493.0
490.0,494.0
490.0,493.0
490.0,491.0
491.0,494.0
489.0,495.0
489.0,493.0
493.0,493.0
490.0,495.0
489.0,492.0
489.0,492.0
493.0,492.0
489.0,495.0
489.0,494.0
493.0,492.0
493.0,494.0
490.0,498.0
489.0,495.0
492.0,491.0
493.0,493.0
492.0,493.0
490.0,495.0
492.0,493.0
491.0,492.0
491.0,493.0
489.0,493.0
492.0,493.0
491.0,494.0
490.0,494.0
493.0,495.0
491.0,492.0
491.0,495.0
489.0,493.0
491.0,492.0
494.0,493.0
491.0,495.0
490.0,495.0
492.0,493.0
494.0,493.0
490.0,498.0
490.0,494.0
491.0,492.0
493.0,492.0
490.0,497.0
489.0,496.0
491.0,490.0
493.0,492.0
491.0,496.0
490.0,494.0
491.0,492.0
490.0,493.0
490.0,495.0
492.0,494.0
492.0,493.0
491.0,495.0
490.0,495.0
490.0,493.0
493.0,493.0
490.0,495.0
490.0,494.0
490.0,493.0
494.0,494.0
492.0,498.0
490.0,495.0
491.0,492.0
492.0,493.0
490.0,496.0
488.0,493.0
493.0,493.0
493.0,493.0
490.0,494.0
490.0,493.0
491.0,492.0
491.0,493.0
490.0,496.0
490.0,494.0
491.0,492.0
491.0,492.0
490.0,495.0
490.0,494.0
492.0,492.0
490.0,494.0
490.0,498.0
491.0,490.0
492.0,491.0
491.0,494.0
489.0,495.0
491.0,493.0
491.0,494.0
489.0,494.0
490.0,493.0
491.0,491.0
491.0,494.0
490.0,497.0
488.0,494.0
491.0,490.0
490.0,493.0
489.0,495.0
489.0,494.0
491.0,493.0
490.0,493.0
490.0,495.0
490.0,495.0
491.0,493.0
490.0,494.0
490.0,497.0
489.0,492.0
493.0,489.0
490.0,492.0
489.0,494.0
490.0,492.0
492.0,492.0
490.0,495.0
489.0,494.0
490.0,493.0
493.0,492.0
489.0,495.0
489.0,493.0
490.0,493.0
491.0,493.0
489.0,493.0
489.0,493.0
490.0,492.0
491.0,495.0
490.0,495.0
489.0,494.0
491.0,492.0
491.0,491.0
490.0,495.0
491.0,497.0
490.0,491.0
490.0,493.0
489.0,495.0
489.0,493.0
491.0,493.0
490.0,494.0
489.0,495.0
490.0,496.0
490.0,492.0
490.0,494.0
487.0,494.0
492.0,492.0
490.0,492.0
490.0,493.0
488.0,493.0
490.0,491.0
492.0,493.0
489.0,495.0
489.0,494.0
491.0,493.0
491.0,494.0
487.0,493.0
488.0,494.0
490.0,492.0
491.0,492.0
490.0,495.0
489.0,493.0
490.0,493.0
490.0,493.0
488.0,494.0
489.0,495.0
491.0,493.0
490.0,493.0
489.0,493.0
490.0,492.0
492.0,493.0
490.0,495.0
487.0,494.0
490.0,492.0
490.0,494.0
489.0,493.0
489.0,493.0
490.0,493.0
492.0,493.0
488.0,495.0
489.0,494.0
490.0,492.0
490.0,492.0
489.0,495.0
488.0,494.0
490.0,493.0
492.0,493.0
488.0,494.0
490.0,492.0
490.0,492.0
487.0,497.0
488.0,495.0
489.0,492.0
490.0,493.0
489.0,493.0
487.0,495.0
489.0,492.0
491.0,493.0
490.0,496.0
488.0,492.0
489.0,490.0
490.0,493.0
488.0,494.0
489.0,494.0
489.0,492.0
489.0,492.0
488.0,494.0
487.0,493.0
491.0,492.0
490.0,492.0
489.0,498.0
488.0,496.0
489.0,491.0
489.0,494.0
488.0,495.0
489.0,491.0
491.0,491.0
489.0,493.0
487.0,493.0
489.0,492.0
490.0,493.0
488.0,495.0
486.0,493.0
489.0,491.0
491.0,493.0
488.0,497.0
487.0,491.0
489.0,490.0
489.0,494.0
488.0,495.0
488.0,497.0
489.0,494.0
489.0,492.0
488.0,492.0
488.0,492.0
489.0,489.0
489.0,490.0
488.0,493.0
489.0,492.0
490.0,491.0
489.0,494.0
487.0,494.0
489.0,493.0
490.0,493.0
489.0,494.0
487.0,494.0
489.0,492.0
490.0,493.0
488.0,495.0
487.0,493.0
489.0,492.0
489.0,493.0
489.0,495.0
487.0,494.0
489.0,492.0
489.0,492.0
488.0,495.0
489.0,495.0
489.0,492.0
489.0,493.0
489.0,496.0
489.0,494.0
489.0,493.0
489.0,493.0
488.0,495.0
489.0,493.0
490.0,496.0
489.0,493.0
487.0,493.0
488.0,491.0
489.0,492.0
489.0,496.0
487.0,495.0
489.0,490.0
489.0,491.0
488.0,494.0
487.0,492.0
489.0,491.0
489.0,492.0
488.0,494.0
487.0,493.0
489.0,491.0
489.0,492.0
487.0,493.0
487.0,494.0
488.0,492.0
488.0,492.0
486.0,493.0
486.0,494.0
487.0,490.0
487.0,489.0
485.0,493.0
486.0,493.0
488.0,492.0
487.0,493.0
484.0,493.0
487.0,491.0
488.0,492.0
486.0,494.0
484.0,492.0
486.0,491.0
487.0,493.0
485.0,493.0
484.0,492.0
485.0,495.0
486.0,493.0
484.0,494.0
484.0,492.0
486.0,490.0
486.0,491.0
483.0,492.0
485.0,492.0
485.0,491.0
485.0,493.0
482.0,494.0
483.0,491.0
483.0,491.0
483.0,494.0
480.0,493.0
482.0,493.0
484.0,495.0
483.0,494.0
480.0,491.0
482.0,488.0
484.0,491.0
482.0,493.0
480.0,492.0
483.0,490.0
483.0,492.0
481.0,493.0
481.0,492.0
482.0,491.0
483.0,492.0
481.0,490.0
481.0,492.0
483.0,493.0
483.0,499.0
481.0,495.0
482.0,485.0
483.0,488.0
482.0,491.0
482.0,491.0
482.0,489.0
485.0,491.0
483.0,493.0
482.0,492.0
483.0,489.0
486.0,491.0
483.0,494.0
482.0,492.0
484.0,489.0
486.0,491.0
484.0,492.0
484.0,489.0
486.0,489.0
487.0,491.0
484.0,493.0
483.0,492.0
485.0,489.0
485.0,491.0
484.0,493.0
485.0,490.0
486.0,489.0
487.0,493.0
484.0,492.0
485.0,489.0
487.0,491.0
487.0,493.0
486.0,493.0
485.0,490.0
488.0,491.0
486.0,493.0
485.0,492.0
486.0,489.0
489.0,492.0
486.0,493.0
485.0,492.0
487.0,489.0
489.0,492.0
487.0,492.0
486.0,491.0
488.0,490.0
489.0,491.0
488.0,492.0
486.0,491.0
488.0,490.0
488.0,490.0
486.0,492.0
487.0,490.0
489.0,489.0
489.0,492.0
486.0,492.0
486.0,489.0
488.0,490.0
487.0,492.0
485.0,492.0
487.0,489.0
489.0,491.0
488.0,492.0
485.0,491.0
488.0,489.0
489.0,491.0
488.0,493.0
486.0,492.0
488.0,490.0
488.0,492.0
486.0,494.0
486.0,493.0
488.0,490.0
489.0,492.0
487.0,493.0
487.0,492.0
488.0,491.0
488.0,492.0
487.0,493.0
487.0,491.0
489.0,491.0
489.0,493.0
487.0,493.0
487.0,490.0
489.0,491.0
488.0,493.0
486.0,492.0
487.0,490.0
489.0,492.0
488.0,494.0
485.0,492.0
488.0,490.0
489.0,492.0
487.0,494.0
486.0,492.0
489.0,491.0
489.0,492.0
487.0,493.0
486.0,493.0
489.0,491.0
489.0,492.0
487.0,494.0
487.0,492.0
489.0,491.0
488.0,493.0
487.0,493.0
487.0,491.0
488.0,491.0
488.0,494.0
487.0,492.0
487.0,490.0
488.0,492.0
488.0,494.0
486.0,492.0
487.0,490.0
489.0,492.0
487.0,494.0
485.0,492.0
488.0,490.0
489.0,493.0
487.0,494.0
486.0,492.0
489.0,490.0
489.0,492.0
487.0,493.0
487.0,492.0
488.0,490.0
489.0,492.0
487.0,492.0
488.0,489.0
489.0,489.0
488.0,492.0
487.0,492.0
488.0,489.0
489.0,491.0
489.0,494.0
487.0,492.0
488.0,490.0
489.0,492.0
488.0,494.0
486.0,493.0
489.0,490.0
489.0,492.0
487.0,494.0
486.0,491.0
488.0,490.0
489.0,492.0
487.0,493.0
487.0,492.0
489.0,490.0
489.0,492.0
487.0,493.0
487.0,492.0
488.0,491.0
488.0,493.0
487.0,492.0
487.0,491.0
488.0,491.0
487.0,493.0
487.0,492.0
487.0,490.0
489.0,492.0
487.0,494.0
485.0,492.0
487.0,495.0
489.0,497.0
487.0,493.0
485.0,490.0
487.0,493.0
489.0,493.0
487.0,490.0
486.0,489.0
487.0,488.0
488.0,489.0
486.0,491.0
486.0,490.0
488.0,488.0
488.0,491.0
486.0,492.0
486.0,489.0
488.0,489.0
487.0,492.0
486.0,492.0
487.0,489.0
488.0,490.0
487.0,493.0
486.0,493.0
487.0,489.0
488.0,489.0
487.0,492.0
485.0,490.0
488.0,489.0
489.0,491.0
487.0,493.0
486.0,491.0
488.0,487.0
489.0,489.0
487.0,491.0
486.0,490.0
488.0,488.0
489.0,490.0
487.0,491.0
486.0,490.0
488.0,488.0
488.0,491.0
487.0,491.0
487.0,491.0
489.0,489.0
488.0,491.0
487.0,491.0
488.0,488.0
489.0,489.0
488.0,492.0
486.0,490.0
488.0,487.0
489.0,490.0
488.0,491.0
486.0,489.0
488.0,488.0
489.0,490.0
488.0,491.0
487.0,489.0
489.0,487.0
489.0,489.0
487.0,490.0
487.0,489.0
488.0,487.0
489.0,489.0
487.0,491.0
487.0,488.0
488.0,486.0
489.0,490.0
487.0,489.0
488.0,487.0
489.0,488.0
489.0,490.0
488.0,488.0
488.0,484.0
490.0,486.0
489.0,489.0
486.0,487.0
488.0,485.0
490.0,488.0
488.0,489.0
486.0,487.0
488.0,486.0
489.0,488.0
488.0,489.0
483.0,488.0
489.0,486.0
489.0,488.0
487.0,490.0
487.0,488.0
489.0,486.0
489.0,488.0
487.0,489.0
487.0,487.0
489.0,486.0
488.0,489.0
487.0,489.0
487.0,486.0
488.0,487.0
488.0,490.0
487.0,488.0
487.0,485.0
489.0,487.0
488.0,489.0
486.0,487.0
486.0,485.0
489.0,488.0
487.0,489.0
485.0,487.0
488.0,485.0
489.0,486.0
487.0,488.0
486.0,487.0
488.0,485.0
489.0,487.0
487.0,488.0
487.0,486.0
489.0,485.0
489.0,488.0
487.0,488.0
488.0,485.0
489.0,485.0
489.0,488.0
487.0,487.0
488.0,484.0
489.0,486.0
488.0,489.0
487.0,487.0
488.0,484.0
490.0,487.0
488.0,489.0
486.0,486.0
490.0,485.0
490.0,487.0
488.0,489.0
486.0,487.0
489.0,485.0
489.0,486.0
487.0,488.0
487.0,487.0
489.0,485.0
489.0,487.0
487.0,489.0
487.0,486.0
489.0,486.0
489.0,489.0
487.0,488.0
488.0,485.0
489.0,486.0
488.0,489.0
487.0,487.0
488.0,485.0
489.0,487.0
488.0,489.0
486.0,487.0
488.0,485.0
489.0,487.0
488.0,489.0
486.0,486.0
489.0,485.0
489.0,486.0
487.0,488.0
487.0,487.0
489.0,485.0
489.0,487.0
487.0,489.0
487.0,486.0
489.0,485.0
489.0,489.0
488.0,488.0
487.0,485.0
489.0,486.0
488.0,489.0
488.0,488.0
488.0,484.0
489.0,487.0
489.0,489.0
488.0,487.0
489.0,485.0
490.0,487.0
489.0,489.0
487.0,486.0
489.0,484.0
491.0,486.0
489.0,487.0
487.0,486.0
489.0,485.0
490.0,487.0
489.0,489.0
488.0,487.0
490.0,485.0
490.0,487.0
489.0,489.0
489.0,486.0
490.0,486.0
490.0,489.0
489.0,488.0
489.0,485.0
490.0,487.0
490.0,489.0
490.0,488.0
489.0,485.0
491.0,487.0
490.0,490.0
489.0,487.0
490.0,485.0
491.0,488.0
490.0,490.0
488.0,487.0
490.0,486.0
492.0,488.0
489.0,489.0
489.0,488.0
490.0,486.0
491.0,487.0
489.0,489.0
489.0,487.0
490.0,485.0
491.0,489.0
490.0,489.0
489.0,486.0
490.0,486.0
490.0,489.0
490.0,488.0
489.0,486.0
491.0,487.0
490.0,490.0
489.0,488.0
490.0,486.0
492.0,488.0
490.0,490.0
489.0,488.0
490.0,486.0
492.0,488.0
490.0,493.0
489.0,488.0
491.0,486.0
492.0,488.0
489.0,490.0
489.0,488.0
491.0,486.0
492.0,488.0
489.0,490.0
489.0,487.0
491.0,487.0
491.0,489.0
489.0,490.0
490.0,486.0
491.0,487.0
491.0,490.0
490.0,489.0
490.0,486.0
491.0,488.0
491.0,491.0
489.0,488.0
490.0,486.0
492.0,488.0
490.0,490.0
489.0,488.0
491.0,486.0
493.0,488.0
490.0,491.0
490.0,489.0
491.0,487.0
492.0,488.0
490.0,490.0
490.0,488.0
491.0,486.0
492.0,489.0
490.0,490.0
489.0,487.0
491.0,487.0
491.0,490.0
490.0,490.0
490.0,486.0
491.0,488.0
490.0,491.0
490.0,489.0
490.0,486.0
491.0,489.0
490.0,491.0
489.0,489.0
490.0,487.0
493.0,490.0
490.0,492.0
489.0,489.0
491.0,487.0
491.0,489.0
490.0,491.0
490.0,489.0
492.0,486.0
493.0,488.0
490.0,490.0
490.0,488.0
492.0,488.0
492.0,491.0
490.0,491.0
490.0,488.0
492.0,489.0
491.0,492.0
490.0,491.0
491.0,488.0
492.0,490.0
491.0,492.0
490.0,490.0
490.0,487.0
492.0,490.0
494.0,492.0
490.0,489.0
491.0,488.0
493.0,490.0
490.0,492.0
489.0,490.0
491.0,488.0
492.0,490.0
490.0,492.0
490.0,490.0
491.0,488.0
492.0,490.0
490.0,491.0
490.0,489.0
491.0,489.0
491.0,492.0
490.0,491.0
490.0,487.0
491.0,489.0
491.0,492.0
490.0,490.0
490.0,487.0
491.0,490.0
490.0,492.0
489.0,490.0
489.0,488.0
492.0,490.0
490.0,492.0
489.0,490.0
490.0,488.0
492.0,490.0
490.0,491.0
488.0,490.0
490.0,489.0
491.0,491.0
489.0,492.0
489.0,490.0
491.0,489.0
491.0,492.0
490.0,492.0
489.0,489.0
490.0,490.0
490.0,492.0
489.0,492.0
489.0,489.0
490.0,491.0
489.0,493.0
489.0,492.0
490.0,489.0
491.0,492.0
490.0,493.0
488.0,491.0
489.0,489.0
492.0,491.0
490.0,492.0
488.0,492.0
489.0,490.0
491.0,491.0
489.0,493.0
488.0,492.0
490.0,490.0
491.0,492.0
489.0,492.0
488.0,490.0
489.0,491.0
490.0,493.0
489.0,492.0
489.0,490.0
489.0,491.0
489.0,493.0
489.0,492.0
489.0,490.0
489.0,491.0
490.0,494.0
489.0,492.0
489.0,489.0
490.0,492.0
493.0,494.0
488.0,492.0
489.0,490.0
491.0,492.0
490.0,494.0
488.0,492.0
489.0,491.0
490.0,492.0
488.0,494.0
487.0,492.0
489.0,491.0
489.0,493.0
488.0,493.0
488.0,491.0
489.0,492.0
489.0,494.0
489.0,493.0
489.0,491.0
490.0,492.0
489.0,494.0
489.0,492.0
489.0,488.0
490.0,491.0
490.0,493.0
488.0,491.0
489.0,490.0
491.0,493.0
489.0,494.0
489.0,493.0
490.0,491.0
492.0,492.0
489.0,494.0
489.0,493.0
490.0,491.0
491.0,493.0
490.0,494.0
490.0,492.0
490.0,492.0
491.0,494.0
489.0,494.0
489.0,491.0
490.0,492.0
490.0,495.0
489.0,493.0
489.0,491.0
490.0,493.0
490.0,495.0
489.0,493.0
490.0,491.0
491.0,493.0
489.0,497.0
488.0,493.0
489.0,492.0
491.0,493.0
490.0,495.0
488.0,494.0
489.0,492.0
491.0,493.0
490.0,495.0
489.0,493.0
490.0,492.0
491.0,494.0
489.0,495.0
489.0,492.0
490.0,493.0
490.0,495.0
490.0,494.0
489.0,492.0
490.0,493.0
490.0,496.0
490.0,493.0
490.0,492.0
490.0,493.0
489.0,496.0
488.0,493.0
489.0,492.0
491.0,494.0
490.0,495.0
488.0,493.0
489.0,492.0
491.0,493.0
489.0,495.0
488.0,494.0
489.0,492.0
490.0,493.0
489.0,495.0
488.0,493.0
489.0,492.0
490.0,495.0
489.0,494.0
489.0,492.0
489.0,493.0
490.0,495.0
489.0,494.0
489.0,492.0
489.0,493.0
490.0,496.0
489.0,493.0
489.0,491.0
489.0,494.0
490.0,496.0
487.0,493.0
489.0,492.0
490.0,493.0
489.0,495.0
487.0,494.0
489.0,492.0
491.0,493.0
489.0,495.0
488.0,493.0
489.0,492.0
490.0,494.0
488.0,495.0
488.0,492.0
490.0,493.0
489.0,495.0
488.0,494.0
488.0,492.0
489.0,493.0
490.0,495.0
488.0,493.0
489.0,491.0
489.0,493.0
489.0,495.0
489.0,493.0
489.0,492.0
490.0,494.0
489.0,497.0
486.0,494.0
488.0,492.0
490.0,493.0
489.0,495.0
487.0,494.0
489.0,492.0
490.0,493.0
489.0,495.0
488.0,493.0
489.0,493.0
490.0,495.0
488.0,495.0
488.0,492.0
489.0,492.0
489.0,493.0
489.0,492.0
489.0,491.0
489.0,493.0
490.0,495.0
489.0,493.0
489.0,491.0
489.0,494.0
489.0,495.0
488.0,493.0
489.0,492.0
490.0,493.0
489.0,495.0
487.0,494.0
489.0,492.0
491.0,493.0
489.0,495.0
487.0,493.0
489.0,492.0
490.0,494.0
489.0,495.0
488.0,493.0
489.0,493.0
490.0,495.0
488.0,495.0
488.0,492.0
489.0,493.0
490.0,496.0
489.0,494.0
489.0,492.0
489.0,494.0
489.0,496.0
489.0,494.0
489.0,492.0
490.0,494.0
489.0,496.0
487.0,494.0
489.0,492.0
490.0,493.0
489.0,496.0
485.0,494.0
489.0,492.0
491.0,494.0
489.0,496.0
488.0,493.0
489.0,493.0
490.0,495.0
489.0,495.0
488.0,492.0
489.0,493.0
490.0,496.0
489.0,494.0
489.0,492.0
489.0,493.0
490.0,497.0
488.0,494.0
489.0,492.0
489.0,494.0
489.0,496.0
489.0,494.0
489.0,492.0
490.0,494.0
489.0,496.0
487.0,494.0
489.0,493.0
490.0,493.0
489.0,495.0
487.0,494.0
489.0,492.0
490.0,494.0
488.0,496.0
488.0,493.0
489.0,493.0
489.0,495.0
488.0,495.0
488.0,492.0
489.0,493.0
489.0,496.0
488.0,494.0
488.0,492.0
489.0,494.0
489.0,496.0
488.0,494.0
488.0,492.0
489.0,494.0
489.0,496.0
487.0,493.0
488.0,493.0
489.0,493.0
488.0,495.0
486.0,494.0
489.0,492.0
490.0,493.0
488.0,495.0
487.0,493.0
489.0,492.0
489.0,494.0
488.0,495.0
487.0,492.0
489.0,493.0
489.0,495.0
488.0,494.0
488.0,492.0
489.0,493.0
489.0,495.0
488.0,493.0
488.0,492.0
489.0,493.0
489.0,496.0
488.0,493.0
488.0,492.0
490.0,494.0
489.0,495.0
487.0,493.0
489.0,492.0
491.0,493.0
489.0,497.0
487.0,493.0
489.0,492.0
491.0,492.0
489.0,493.0
489.0,491.0
489.0,492.0
490.0,494.0
489.0,494.0
488.0,492.0
489.0,493.0
489.0,495.0
489.0,494.0
488.0,492.0
489.0,493.0
489.0,496.0
489.0,493.0
489.0,492.0
489.0,494.0
489.0,496.0
488.0,493.0
489.0,492.0
490.0,493.0
489.0,495.0
487.0,494.0
489.0,492.0
490.0,493.0
489.0,495.0
487.0,493.0
489.0,492.0
490.0,495.0
488.0,494.0
487.0,492.0
489.0,492.0
489.0,495.0
488.0,494.0
488.0,492.0
489.0,493.0
489.0,495.0
488.0,493.0
488.0,491.0
489.0,493.0
489.0,495.0
488.0,493.0
489.0,491.0
489.0,493.0
489.0,495.0
487.0,493.0
489.0,492.0
490.0,493.0
489.0,494.0
487.0,493.0
489.0,491.0
491.0,493.0
489.0,495.0
488.0,492.0
489.0,492.0
490.0,494.0
489.0,494.0
488.0,492.0
489.0,492.0
490.0,495.0
489.0,493.0
488.0,491.0
489.0,493.0
489.0,495.0
489.0,493.0
489.0,490.0
489.0,493.0
489.0,495.0
488.0,493.0
489.0,491.0
490.0,493.0
489.0,495.0
487.0,493.0
489.0,492.0
490.0,493.0
489.0,493.0
487.0,493.0
489.0,492.0
490.0,494.0
488.0,494.0
487.0,492.0
489.0,492.0
489.0,494.0
488.0,494.0
488.0,491.0
489.0,493.0
489.0,495.0
488.0,493.0
488.0,491.0
489.0,493.0
489.0,495.0
488.0,493.0
488.0,491.0
489.0,493.0
489.0,495.0
488.0,495.0
489.0,492.0
490.0,493.0
489.0,495.0
487.0,493.0
489.0,492.0
490.0,493.0
488.0,495.0
487.0,493.0
489.0,492.0
489.0,495.0
488.0,494.0
486.0,492.0
489.0,493.0
489.0,495.0
487.0,494.0
487.0,491.0
489.0,493.0
489.0,495.0
488.0,493.0
488.0,490.0
489.0,493.0
488.0,496.0
488.0,493.0
488.0,491.0
489.0,492.0
489.0,493.0
487.0,493.0
488.0,492.0
489.0,493.0
489.0,494.0
486.0,493.0
488.0,491.0
490.0,494.0
488.0,495.0
487.0,492.0
489.0,492.0
489.0,494.0
488.0,494.0
487.0,492.0
489.0,493.0
489.0,495.0
488.0,493.0
488.0,491.0
489.0,493.0
489.0,495.0
488.0,493.0
488.0,491.0
489.0,493.0
489.0,495.0
487.0,493.0
488.0,491.0
489.0,493.0
489.0,495.0
486.0,493.0
488.0,492.0
490.0,493.0
488.0,495.0
486.0,492.0
489.0,492.0
489.0,494.0
488.0,494.0
487.0,492.0
489.0,493.0
489.0,495.0
488.0,493.0
487.0,491.0
489.0,493.0
489.0,495.0
488.0,493.0
488.0,491.0
489.0,493.0
489.0,495.0
488.0,493.0
488.0,492.0
489.0,493.0
489.0,495.0
488.0,493.0
489.0,492.0
490.0,493.0
489.0,495.0
487.0,493.0
489.0,492.0
490.0,494.0
488.0,495.0
487.0,492.0
489.0,492.0
490.0,496.0
488.0,494.0
488.0,492.0
489.0,493.0
489.0,495.0
488.0,493.0
488.0,491.0
489.0,493.0
489.0,495.0
488.0,493.0
489.0,491.0
489.0,493.0
489.0,495.0
488.0,494.0
488.0,492.0
489.0,493.0
489.0,495.0
487.0,493.0
489.0,492.0
489.0,493.0
488.0,495.0
486.0,493.0
489.0,492.0
490.0,495.0
488.0,495.0
487.0,492.0
489.0,492.0
489.0,495.0
488.0,493.0
487.0,491.0
489.0,493.0
489.0,495.0
488.0,493.0
488.0,491.0
489.0,493.0
489.0,495.0
488.0,493.0
488.0,491.0
489.0,493.0
489.0,495.0
488.0,493.0
488.0,492.0
489.0,493.0
488.0,495.0
486.0,493.0
488.0,492.0
489.0,493.0
488.0,495.0
486.0,492.0
489.0,492.0
489.0,497.0
488.0,494.0
487.0,492.0
489.0,493.0
489.0,495.0
488.0,493.0
488.0,490.0
489.0,492.0
489.0,494.0
488.0,492.0
488.0,491.0
489.0,493.0
489.0,495.0
487.0,493.0
488.0,492.0
489.0,493.0
489.0,495.0
487.0,493.0
488.0,492.0
490.0,493.0
489.0,495.0
486.0,493.0
489.0,492.0
490.0,494.0
488.0,495.0
487.0,492.0
489.0,493.0
489.0,495.0
488.0,494.0
487.0,492.0
489.0,493.0
489.0,495.0
488.0,493.0
487.0,491.0
489.0,493.0
489.0,495.0
488.0,493.0
488.0,491.0
489.0,493.0
489.0,495.0
488.0,493.0
488.0,491.0
490.0,493.0
489.0,494.0
487.0,492.0
489.0,491.0
490.0,493.0
489.0,495.0
487.0,492.0
489.0,492.0
491.0,494.0
489.0,494.0
488.0,491.0
489.0,492.0
490.0,494.0
489.0,493.0
488.0,491.0
489.0,493.0
490.0,495.0
489.0,493.0
489.0,490.0
489.0,493.0
489.0,495.0
489.0,492.0
489.0,491.0
490.0,493.0
489.0,495.0
489.0,493.0
489.0,492.0
491.0,493.0
489.0,495.0
488.0,492.0
489.0,492.0
491.0,494.0
489.0,494.0
488.0,492.0
489.0,492.0
490.0,494.0
489.0,494.0
488.0,491.0
490.0,493.0
490.0,495.0
489.0,493.0
489.0,491.0
490.0,493.0
490.0,495.0
489.0,493.0
489.0,494.0
490.0,494.0
489.0,495.0
489.0,493.0
489.0,491.0
490.0,493.0
489.0,495.0
489.0,493.0
489.0,491.0
491.0,493.0
489.0,495.0
488.0,492.0
489.0,492.0
491.0,494.0
489.0,494.0
488.0,492.0
490.0,492.0
491.0,495.0
489.0,493.0
489.0,491.0
490.0,493.0
490.0,495.0
489.0,493.0
489.0,491.0
490.0,493.0
490.0,495.0
490.0,493.0
489.0,491.0
490.0,493.0
489.0,495.0
489.0,493.0
489.0,492.0
490.0,493.0
490.0,495.0
488.0,493.0
489.0,491.0
491.0,494.0
489.0,494.0
487.0,492.0
489.0,492.0
490.0,495.0
489.0,494.0
488.0,492.0
489.0,492.0
489.0,494.0
489.0,492.0
488.0,489.0
489.0,492.0
490.0,494.0
489.0,492.0
489.0,491.0
489.0,493.0
489.0,494.0
489.0,493.0
489.0,491.0
490.0,493.0
490.0,495.0
488.0,495.0
489.0,492.0
491.0,493.0
490.0,495.0
488.0,492.0
489.0,492.0
491.0,494.0
489.0,494.0
488.0,492.0
489.0,492.0
491.0,495.0
489.0,493.0
488.0,491.0
490.0,493.0
491.0,495.0
489.0,493.0
488.0,491.0
489.0,493.0
489.0,495.0
489.0,493.0
489.0,491.0
490.0,493.0
490.0,494.0
489.0,493.0
489.0,492.0
490.0,493.0
489.0,494.0
488.0,493.0
489.0,491.0
491.0,494.0
490.0,494.0
487.0,492.0
489.0,492.0
491.0,494.0
489.0,494.0
488.0,491.0
489.0,492.0
490.0,495.0
489.0,493.0
488.0,491.0
490.0,493.0
490.0,495.0
489.0,493.0
489.0,491.0
489.0,493.0
489.0,495.0
489.0,493.0
489.0,492.0
489.0,493.0
489.0,495.0
489.0,493.0
489.0,491.0
491.0,493.0
490.0,495.0
488.0,492.0
489.0,492.0
491.0,494.0
489.0,494.0
488.0,492.0
489.0,492.0
490.0,494.0
489.0,493.0
488.0,491.0
489.0,493.0
490.0,495.0
489.0,493.0
488.0,491.0
489.0,493.0
490.0,495.0
489.0,493.0
489.0,492.0
489.0,493.0
490.0,495.0
489.0,493.0
489.0,492.0
490.0,493.0
489.0,494.0
488.0,493.0
490.0,492.0
490.0,494.0
490.0,494.0
488.0,492.0
489.0,492.0
491.0,495.0
489.0,494.0
488.0,492.0
490.0,493.0
490.0,495.0
489.0,493.0
489.0,491.0
490.0,493.0
490.0,495.0
489.0,493.0
489.0,492.0
490.0,494.0
490.0,495.0
489.0,493.0
489.0,492.0
490.0,493.0
489.0,495.0
489.0,493.0
489.0,492.0
490.0,493.0
490.0,495.0
488.0,493.0
489.0,492.0
492.0,494.0
489.0,494.0
488.0,492.0
489.0,493.0
491.0,495.0
490.0,494.0
489.0,492.0
490.0,493.0
491.0,495.0
490.0,493.0
489.0,491.0
490.0,493.0
490.0,496.0
490.0,493.0
490.0,491.0
490.0,493.0
490.0,493.0
489.0,492.0
490.0,491.0
490.0,492.0
490.0,494.0
489.0,493.0
489.0,492.0
491.0,494.0
490.0,495.0
488.0,492.0
489.0,492.0
492.0,495.0
490.0,494.0
488.0,492.0
490.0,493.0
491.0,495.0
490.0,494.0
489.0,491.0
490.0,493.0
491.0,496.0
489.0,493.0
489.0,492.0
490.0,494.0
490.0,495.0
489.0,493.0
489.0,492.0
489.0,493.0
489.0,495.0
489.0,493.0
489.0,492.0
489.0,493.0
490.0,495.0
488.0,493.0
489.0,492.0
490.0,494.0
490.0,495.0
487.0,492.0
489.0,492.0
490.0,495.0
489.0,494.0
488.0,492.0
489.0,493.0
490.0,495.0
489.0,493.0
488.0,492.0
489.0,493.0
490.0,495.0
488.0,493.0
489.0,491.0
490.0,493.0
490.0,495.0
489.0,494.0
488.0,491.0
489.0,493.0
490.0,495.0
488.0,493.0
489.0,492.0
489.0,494.0
490.0,495.0
487.0,492.0
489.0,492.0
491.0,495.0
489.0,494.0
487.0,492.0
489.0,492.0
490.0,495.0
488.0,494.0
487.0,492.0
489.0,493.0
489.0,495.0
488.0,493.0
488.0,492.0
489.0,493.0
489.0,496.0
488.0,493.0
488.0,492.0
489.0,493.0
489.0,495.0
488.0,494.0
488.0,492.0
490.0,493.0
489.0,495.0
488.0,493.0
489.0,492.0
490.0,494.0
489.0,494.0
487.0,492.0
489.0,492.0
490.0,495.0
488.0,494.0
487.0,492.0
489.0,493.0
489.0,495.0
488.0,493.0
487.0,491.0
489.0,493.0
489.0,496.0
488.0,493.0
487.0,492.0
489.0,494.0
489.0,496.0
488.0,493.0
488.0,492.0
489.0,493.0
489.0,495.0
487.0,494.0
488.0,492.0
489.0,494.0
489.0,495.0
487.0,492.0
490.0,493.0
489.0,495.0
489.0,495.0
486.0,492.0
488.0,493.0
489.0,495.0
487.0,494.0
486.0,492.0
488.0,493.0
489.0,496.0
487.0,493.0
487.0,492.0
488.0,493.0
488.0,496.0
486.0,493.0
486.0,492.0
488.0,493.0
488.0,495.0
487.0,493.0
487.0,492.0
488.0,493.0
488.0,495.0
487.0,493.0
487.0,492.0
489.0,494.0
488.0,494.0
486.0,491.0
488.0,491.0
489.0,493.0
488.0,493.0
485.0,491.0
488.0,493.0
489.0,495.0
487.0,493.0
486.0,491.0
488.0,493.0
489.0,496.0
487.0,493.0
487.0,491.0
488.0,494.0
489.0,495.0
487.0,493.0
487.0,492.0
489.0,493.0
488.0,495.0
487.0,494.0
487.0,492.0
489.0,494.0
488.0,495.0
487.0,492.0
488.0,492.0
489.0,495.0
488.0,494.0
486.0,492.0
488.0,493.0
489.0,495.0
488.0,494.0
486.0,491.0
488.0,493.0
489.0,495.0
487.0,493.0
487.0,492.0
488.0,494.0
489.0,495.0
487.0,493.0
487.0,492.0
489.0,493.0
488.0,495.0
487.0,494.0
488.0,492.0
489.0,493.0
488.0,495.0
487.0,493.0
487.0,492.0
489.0,494.0
488.0,495.0
486.0,492.0
487.0,493.0
489.0,495.0
488.0,494.0
485.0,492.0
488.0,493.0
489.0,495.0
487.0,493.0
486.0,492.0
488.0,493.0
489.0,495.0
487.0,493.0
486.0,492.0
488.0,493.0
489.0,495.0
487.0,493.0
487.0,492.0
489.0,493.0
488.0,495.0
487.0,493.0
488.0,492.0
488.0,493.0
488.0,495.0
487.0,492.0
488.0,492.0
489.0,495.0
488.0,494.0
486.0,492.0
488.0,492.0
490.0,495.0
488.0,494.0
486.0,491.0
489.0,493.0
490.0,495.0
488.0,493.0
487.0,491.0
489.0,493.0
489.0,494.0
488.0,492.0
488.0,492.0
489.0,493.0
489.0,495.0
488.0,493.0
488.0,492.0
489.0,493.0
489.0,495.0
488.0,493.0
488.0,491.0
489.0,493.0
489.0,494.0
488.0,492.0
489.0,492.0
491.0,494.0
489.0,493.0
487.0,491.0
489.0,493.0
491.0,494.0
489.0,493.0
487.0,491.0
489.0,493.0
490.0,495.0
489.0,493.0
488.0,491.0
489.0,493.0
490.0,495.0
489.0,493.0
489.0,491.0
489.0,492.0
489.0,494.0
489.0,493.0
489.0,492.0
489.0,493.0
489.0,495.0
489.0,492.0
490.0,492.0
490.0,494.0
489.0,494.0
488.0,492.0
489.0,492.0
491.0,494.0
489.0,492.0
488.0,489.0
490.0,491.0
491.0,494.0
489.0,492.0
488.0,491.0
490.0,493.0
491.0,494.0
489.0,492.0
489.0,491.0
490.0,492.0
491.0,495.0
490.0,493.0
489.0,491.0
490.0,492.0
490.0,494.0
489.0,493.0
492.0,491.0
490.0,493.0
489.0,494.0
489.0,491.0
489.0,492.0
491.0,494.0
489.0,493.0
488.0,491.0
489.0,492.0
492.0,494.0
489.0,493.0
488.0,491.0
490.0,493.0
491.0,495.0
490.0,493.0
488.0,491.0
490.0,493.0
491.0,495.0
489.0,493.0
489.0,491.0
490.0,493.0
490.0,494.0
489.0,493.0
489.0,492.0
490.0,494.0
490.0,494.0
489.0,492.0
489.0,492.0
490.0,494.0
489.0,494.0
488.0,491.0
489.0,492.0
491.0,494.0
490.0,493.0
488.0,491.0
489.0,493.0
491.0,495.0
489.0,493.0
488.0,491.0
489.0,493.0
490.0,495.0
489.0,493.0
488.0,492.0
489.0,494.0
490.0,495.0
489.0,494.0
488.0,492.0
489.0,493.0
489.0,495.0
489.0,493.0
489.0,492.0
489.0,494.0
489.0,495.0
489.0,493.0
489.0,492.0
489.0,495.0
489.0,494.0
487.0,492.0
489.0,493.0
490.0,495.0
489.0,493.0
487.0,492.0
489.0,493.0
490.0,495.0
488.0,493.0
487.0,491.0
490.0,494.0
490.0,496.0
488.0,493.0
488.0,492.0
489.0,493.0
489.0,495.0
488.0,493.0
488.0,492.0
489.0,493.0
489.0,495.0
488.0,493.0
489.0,492.0
489.0,494.0
489.0,494.0
487.0,492.0
488.0,493.0
490.0,495.0
489.0,494.0
487.0,492.0
489.0,493.0
490.0,495.0
488.0,493.0
487.0,491.0
489.0,493.0
489.0,495.0
488.0,493.0
487.0,492.0
489.0,494.0
489.0,495.0
488.0,493.0
488.0,492.0
489.0,493.0
489.0,495.0
488.0,493.0
488.0,491.0
490.0,493.0
489.0,493.0
488.0,491.0
488.0,492.0
489.0,494.0
489.0,494.0
487.0,492.0
489.0,493.0
490.0,495.0
489.0,494.0
487.0,492.0
489.0,493.0
490.0,496.0
488.0,493.0
488.0,492.0
489.0,494.0
489.0,496.0
488.0,493.0
487.0,492.0
489.0,494.0
489.0,495.0
488.0,494.0
488.0,492.0
489.0,494.0
489.0,495.0
488.0,493.0
488.0,492.0
489.0,494.0
489.0,494.0
488.0,492.0
489.0,493.0
490.0,495.0
489.0,494.0
487.0,492.0
489.0,493.0
491.0,495.0
489.0,493.0
487.0,491.0
489.0,493.0
491.0,495.0
489.0,493.0
488.0,492.0
490.0,494.0
490.0,495.0
489.0,493.0
489.0,492.0
