481.0,493.0
483.0,493.0
483.0,493.0
482.0,493.0
482.0,493.0
482.0,493.0
482.0,493.0
481.0,494.0
481.0,493.0
481.0,494.0
481.0,494.0
481.0,493.0
481.0,494.0
480.0,493.0
480.0,493.0
479.0,493.0
481.0,494.0
482.0,493.0
480.0,493.0
479.0,493.0
482.0,494.0
481.0,493.0
479.0,493.0
479.0,494.0
482.0,493.0
481.0,493.0
479.0,493.0
479.0,494.0
485.0,493.0
480.0,493.0
478.0,493.0
480.0,494.0
483.0,493.0
480.0,493.0
478.0,493.0
480.0,494.0
483.0,493.0
480.0,493.0
478.0,493.0
481.0,494.0
482.0,493.0
479.0,493.0
479.0,495.0
481.0,493.0
482.0,493.0
479.0,493.0
479.0,494.0
481.0,493.0
481.0,493.0
479.0,493.0
479.0,494.0
481.0,493.0
480.0,493.0
478.0,493.0
480.0,494.0
482.0,493.0
480.0,492.0
477.0,493.0
480.0,493.0
482.0,493.0
480.0,493.0
478.0,493.0
481.0,494.0
482.0,493.0
480.0,493.0
478.0,493.0
482.0,493.0
481.0,493.0
479.0,493.0
479.0,494.0
481.0,493.0
481.0,493.0
479.0,493.0
479.0,493.0
481.0,494.0
480.0,493.0
478.0,494.0
479.0,494.0
482.0,493.0
480.0,491.0
477.0,491.0
479.0,492.0
482.0,492.0
480.0,492.0
477.0,493.0
480.0,493.0
481.0,493.0
479.0,493.0
478.0,493.0
480.0,493.0
481.0,493.0
479.0,493.0
478.0,494.0
481.0,492.0
480.0,493.0
478.0,493.0
479.0,493.0
481.0,493.0
480.0,493.0
478.0,493.0
479.0,494.0
482.0,494.0
480.0,493.0
478.0,493.0
479.0,494.0
482.0,493.0
479.0,492.0
477.0,493.0
479.0,494.0
482.0,493.0
479.0,493.0
477.0,493.0
480.0,494.0
482.0,493.0
479.0,493.0
478.0,498.0
480.0,492.0
479.0,493.0
479.0,494.0
479.0,494.0
481.0,493.0
480.0,493.0
478.0,493.0
479.0,494.0
481.0,493.0
480.0,493.0
478.0,493.0
479.0,494.0
482.0,493.0
480.0,493.0
477.0,493.0
480.0,494.0
483.0,493.0
479.0,493.0
477.0,493.0
480.0,494.0
482.0,493.0
479.0,493.0
478.0,494.0
481.0,493.0
481.0,493.0
479.0,493.0
478.0,494.0
480.0,492.0
480.0,493.0
479.0,493.0
479.0,494.0
481.0,493.0
480.0,493.0
478.0,493.0
479.0,495.0
482.0,493.0
480.0,493.0
477.0,493.0
479.0,494.0
482.0,493.0
479.0,493.0
477.0,493.0
479.0,494.0
481.0,493.0
479.0,493.0
477.0,493.0
480.0,493.0
481.0,493.0
478.0,493.0
478.0,494.0
480.0,493.0
480.0,493.0
478.0,493.0
478.0,493.0
480.0,493.0
480.0,492.0
478.0,493.0
479.0,493.0
481.0,493.0
479.0,492.0
477.0,493.0
479.0,493.0
482.0,493.0
480.0,492.0
476.0,493.0
479.0,493.0
482.0,493.0
479.0,492.0
477.0,493.0
480.0,493.0
482.0,493.0
479.0,493.0
478.0,493.0
481.0,492.0
481.0,493.0
478.0,493.0
478.0,493.0
481.0,493.0
480.0,493.0
478.0,493.0
479.0,493.0
481.0,493.0
480.0,492.0
477.0,493.0
479.0,494.0
482.0,493.0
480.0,492.0
477.0,493.0
479.0,493.0
482.0,493.0
479.0,493.0
478.0,493.0
480.0,494.0
481.0,493.0
479.0,493.0
478.0,494.0
480.0,493.0
481.0,489.0
479.0,494.0
478.0,493.0
480.0,492.0
480.0,493.0
478.0,493.0
478.0,493.0
481.0,493.0
479.0,493.0
478.0,494.0
479.0,494.0
481.0,493.0
480.0,491.0
477.0,490.0
479.0,492.0
482.0,492.0
479.0,491.0
477.0,492.0
480.0,493.0
481.0,493.0
479.0,493.0
478.0,493.0
480.0,493.0
481.0,493.0
478.0,493.0
477.0,494.0
480.0,493.0
480.0,493.0
478.0,493.0
478.0,493.0
480.0,493.0
479.0,493.0
477.0,493.0
478.0,493.0
481.0,493.0
479.0,493.0
477.0,493.0
479.0,494.0
482.0,494.0
479.0,493.0
476.0,493.0
479.0,494.0
481.0,493.0
478.0,493.0
476.0,494.0
479.0,494.0
481.0,493.0
478.0,494.0
477.0,495.0
480.0,493.0
480.0,492.0
478.0,494.0
478.0,494.0
480.0,493.0
480.0,493.0
478.0,493.0
479.0,494.0
480.0,493.0
480.0,492.0
477.0,493.0
479.0,495.0
481.0,494.0
480.0,493.0
476.0,493.0
479.0,494.0
481.0,493.0
479.0,493.0
477.0,494.0
479.0,494.0
481.0,493.0
479.0,493.0
477.0,493.0
480.0,493.0
480.0,493.0
478.0,494.0
478.0,494.0
480.0,493.0
480.0,493.0
478.0,493.0
478.0,494.0
480.0,493.0
479.0,493.0
477.0,493.0
479.0,494.0
482.0,493.0
480.0,493.0
477.0,493.0
479.0,494.0
482.0,494.0
479.0,493.0
477.0,494.0
479.0,494.0
482.0,493.0
479.0,493.0
478.0,494.0
480.0,493.0
481.0,493.0
479.0,494.0
478.0,495.0
480.0,494.0
480.0,493.0
478.0,494.0
479.0,494.0
481.0,494.0
480.0,493.0
478.0,493.0
479.0,494.0
481.0,493.0
480.0,493.0
477.0,493.0
479.0,494.0
482.0,493.0
479.0,493.0
477.0,493.0
480.0,494.0
482.0,493.0
480.0,493.0
478.0,494.0
480.0,493.0
482.0,493.0
480.0,493.0
478.0,494.0
481.0,494.0
481.0,493.0
479.0,494.0
479.0,493.0
481.0,493.0
480.0,493.0
478.0,493.0
479.0,494.0
481.0,494.0
480.0,493.0
478.0,493.0
479.0,495.0
482.0,494.0
480.0,493.0
477.0,493.0
479.0,494.0
482.0,494.0
480.0,493.0
477.0,494.0
480.0,494.0
482.0,493.0
479.0,494.0
478.0,494.0
481.0,494.0
481.0,494.0
478.0,495.0
479.0,494.0
481.0,493.0
480.0,492.0
478.0,492.0
479.0,493.0
481.0,493.0
481.0,492.0
479.0,493.0
479.0,494.0
482.0,497.0
480.0,493.0
478.0,494.0
482.0,494.0
483.0,494.0
479.0,493.0
478.0,494.0
480.0,494.0
482.0,493.0
479.0,493.0
478.0,495.0
480.0,493.0
481.0,493.0
479.0,494.0
478.0,495.0
481.0,494.0
481.0,493.0
479.0,494.0
479.0,494.0
481.0,493.0
481.0,493.0
478.0,494.0
479.0,495.0
481.0,494.0
480.0,494.0
477.0,494.0
479.0,495.0
482.0,494.0
480.0,493.0
477.0,494.0
480.0,494.0
482.0,493.0
479.0,493.0
477.0,494.0
480.0,494.0
482.0,493.0
479.0,494.0
478.0,494.0
481.0,493.0
481.0,493.0
479.0,494.0
479.0,494.0
481.0,493.0
480.0,492.0
478.0,493.0
479.0,493.0
481.0,493.0
480.0,493.0
478.0,493.0
479.0,494.0
482.0,493.0
480.0,493.0
476.0,493.0
480.0,494.0
482.0,493.0
479.0,493.0
478.0,494.0
480.0,493.0
481.0,492.0
479.0,494.0
478.0,494.0
480.0,492.0
481.0,493.0
478.0,493.0
478.0,493.0
481.0,494.0
480.0,492.0
478.0,493.0
478.0,494.0
481.0,493.0
480.0,493.0
478.0,493.0
478.0,494.0
482.0,493.0
479.0,493.0
477.0,493.0
479.0,493.0
482.0,493.0
479.0,493.0
477.0,493.0
479.0,493.0
481.0,493.0
478.0,493.0
477.0,493.0
480.0,493.0
481.0,493.0
478.0,493.0
478.0,493.0
480.0,494.0
480.0,493.0
478.0,493.0
478.0,493.0
480.0,493.0
479.0,492.0
478.0,493.0
479.0,493.0
481.0,493.0
479.0,492.0
477.0,493.0
479.0,493.0
481.0,493.0
479.0,492.0
476.0,493.0
479.0,493.0
481.0,493.0
479.0,493.0
477.0,493.0
480.0,493.0
481.0,492.0
478.0,494.0
478.0,493.0
480.0,493.0
480.0,493.0
478.0,493.0
478.0,493.0
480.0,493.0
480.0,492.0
478.0,493.0
479.0,494.0
480.0,493.0
479.0,492.0
477.0,493.0
479.0,494.0
481.0,493.0
479.0,493.0
477.0,493.0
479.0,494.0
482.0,493.0
479.0,491.0
477.0,491.0
479.0,491.0
481.0,491.0
478.0,492.0
477.0,493.0
480.0,492.0
480.0,492.0
478.0,493.0
478.0,493.0
480.0,493.0
480.0,492.0
478.0,493.0
478.0,493.0
480.0,493.0
479.0,493.0
477.0,493.0
479.0,494.0
481.0,493.0
480.0,493.0
476.0,493.0
478.0,494.0
481.0,493.0
479.0,493.0
476.0,494.0
479.0,493.0
480.0,493.0
479.0,493.0
477.0,494.0
479.0,493.0
480.0,493.0
478.0,494.0
478.0,493.0
480.0,493.0
480.0,492.0
478.0,493.0
478.0,493.0
480.0,493.0
479.0,492.0
477.0,493.0
478.0,494.0
480.0,493.0
479.0,493.0
477.0,493.0
479.0,494.0
482.0,493.0
479.0,492.0
476.0,494.0
479.0,493.0
481.0,492.0
478.0,493.0
477.0,493.0
479.0,493.0
481.0,492.0
478.0,493.0
477.0,493.0
480.0,493.0
480.0,492.0
478.0,493.0
478.0,493.0
480.0,493.0
480.0,492.0
478.0,493.0
479.0,493.0
480.0,493.0
479.0,492.0
477.0,493.0
478.0,493.0
481.0,493.0
479.0,492.0
476.0,493.0
479.0,493.0
481.0,492.0
478.0,493.0
477.0,494.0
479.0,493.0
480.0,493.0
478.0,493.0
477.0,493.0
479.0,493.0
481.0,493.0
477.0,493.0
478.0,493.0
480.0,493.0
479.0,492.0
478.0,493.0
478.0,493.0
480.0,493.0
479.0,493.0
477.0,493.0
478.0,493.0
481.0,492.0
479.0,492.0
477.0,493.0
479.0,493.0
482.0,493.0
479.0,492.0
476.0,493.0
479.0,493.0
480.0,492.0
478.0,493.0
477.0,494.0
479.0,492.0
480.0,493.0
478.0,493.0
477.0,493.0
480.0,493.0
480.0,492.0
478.0,493.0
478.0,493.0
480.0,492.0
479.0,492.0
477.0,492.0
479.0,493.0
480.0,493.0
479.0,492.0
476.0,493.0
479.0,493.0
482.0,493.0
479.0,492.0
477.0,493.0
479.0,492.0
481.0,492.0
479.0,494.0
477.0,493.0
479.0,493.0
481.0,492.0
478.0,493.0
477.0,493.0
480.0,493.0
480.0,492.0
478.0,493.0
478.0,493.0
480.0,492.0
480.0,490.0
478.0,490.0
479.0,492.0
480.0,491.0
480.0,491.0
477.0,492.0
479.0,493.0
481.0,492.0
479.0,492.0
477.0,493.0
480.0,493.0
482.0,492.0
479.0,493.0
477.0,493.0
479.0,492.0
481.0,492.0
479.0,493.0
477.0,493.0
480.0,493.0
480.0,492.0
478.0,493.0
478.0,493.0
480.0,493.0
480.0,492.0
478.0,493.0
478.0,493.0
481.0,493.0
480.0,492.0
478.0,493.0
479.0,493.0
481.0,492.0
480.0,492.0
477.0,493.0
479.0,493.0
482.0,492.0
479.0,493.0
477.0,493.0
479.0,493.0
481.0,492.0
479.0,493.0
477.0,493.0
479.0,493.0
480.0,493.0
477.0,492.0
477.0,493.0
480.0,493.0
480.0,492.0
478.0,492.0
478.0,493.0
480.0,492.0
480.0,492.0
477.0,492.0
478.0,493.0
480.0,493.0
479.0,492.0
476.0,493.0
479.0,493.0
481.0,492.0
479.0,492.0
477.0,493.0
479.0,492.0
481.0,492.0
478.0,493.0
477.0,493.0
479.0,492.0
480.0,492.0
478.0,493.0
477.0,493.0
480.0,493.0
480.0,492.0
477.0,492.0
478.0,493.0
480.0,493.0
479.0,492.0
477.0,493.0
478.0,493.0
480.0,492.0
480.0,492.0
477.0,493.0
479.0,493.0
481.0,492.0
480.0,492.0
476.0,493.0
479.0,493.0
483.0,492.0
479.0,493.0
476.0,493.0
479.0,492.0
481.0,492.0
478.0,493.0
477.0,493.0
480.0,493.0
480.0,492.0
477.0,493.0
477.0,493.0
480.0,493.0
479.0,492.0
477.0,493.0
478.0,494.0
480.0,493.0
479.0,492.0
477.0,493.0
478.0,493.0
481.0,493.0
479.0,492.0
476.0,493.0
478.0,493.0
481.0,492.0
479.0,493.0
475.0,493.0
479.0,493.0
480.0,492.0
478.0,493.0
477.0,493.0
479.0,493.0
480.0,492.0
478.0,492.0
477.0,493.0
480.0,493.0
480.0,492.0
477.0,492.0
477.0,493.0
480.0,492.0
479.0,492.0
477.0,493.0
478.0,494.0
480.0,493.0
479.0,492.0
476.0,492.0
479.0,492.0
481.0,490.0
479.0,491.0
476.0,492.0
479.0,491.0
481.0,491.0
479.0,492.0
477.0,493.0
479.0,492.0
480.0,493.0
478.0,493.0
477.0,493.0
480.0,493.0
480.0,493.0
478.0,493.0
478.0,493.0
480.0,493.0
479.0,492.0
477.0,493.0
478.0,494.0
480.0,493.0
479.0,492.0
477.0,493.0
478.0,493.0
481.0,493.0
479.0,492.0
476.0,493.0
478.0,493.0
481.0,493.0
478.0,494.0
476.0,493.0
479.0,493.0
481.0,493.0
478.0,493.0
477.0,493.0
480.0,493.0
480.0,492.0
477.0,493.0
477.0,494.0
479.0,493.0
479.0,492.0
477.0,493.0
478.0,493.0
480.0,493.0
479.0,492.0
477.0,493.0
478.0,493.0
481.0,492.0
479.0,492.0
476.0,493.0
479.0,493.0
481.0,492.0
479.0,493.0
476.0,493.0
479.0,492.0
481.0,492.0
478.0,493.0
477.0,493.0
480.0,493.0
480.0,492.0
478.0,493.0
477.0,493.0
480.0,493.0
480.0,492.0
477.0,493.0
478.0,493.0
480.0,493.0
479.0,492.0
478.0,492.0
478.0,493.0
481.0,493.0
479.0,492.0
477.0,493.0
479.0,493.0
481.0,490.0
479.0,493.0
476.0,493.0
479.0,492.0
481.0,492.0
479.0,493.0
480.0,493.0
479.0,493.0
480.0,492.0
477.0,493.0
477.0,493.0
480.0,493.0
480.0,492.0
478.0,493.0
478.0,493.0
480.0,493.0
479.0,492.0
477.0,493.0
478.0,493.0
480.0,495.0
480.0,492.0
477.0,493.0
479.0,493.0
481.0,492.0
480.0,493.0
476.0,493.0
479.0,493.0
481.0,492.0
479.0,493.0
477.0,493.0
480.0,492.0
480.0,493.0
478.0,493.0
477.0,493.0
479.0,492.0
480.0,492.0
477.0,493.0
478.0,493.0
480.0,492.0
480.0,493.0
477.0,493.0
478.0,493.0
480.0,493.0
480.0,492.0
477.0,493.0
478.0,493.0
481.0,492.0
480.0,492.0
476.0,493.0
479.0,492.0
481.0,492.0
479.0,493.0
476.0,493.0
479.0,492.0
481.0,491.0
478.0,491.0
477.0,491.0
480.0,491.0
480.0,490.0
478.0,491.0
477.0,492.0
480.0,492.0
480.0,492.0
478.0,492.0
478.0,493.0
480.0,493.0
480.0,492.0
477.0,492.0
478.0,493.0
481.0,493.0
479.0,492.0
476.0,494.0
479.0,493.0
481.0,492.0
480.0,493.0
476.0,493.0
479.0,492.0
481.0,492.0
478.0,494.0
477.0,493.0
479.0,492.0
481.0,492.0
477.0,492.0
476.0,493.0
479.0,492.0
480.0,492.0
477.0,493.0
477.0,493.0
479.0,493.0
479.0,492.0
477.0,492.0
478.0,493.0
480.0,492.0
479.0,492.0
476.0,493.0
478.0,493.0
481.0,493.0
479.0,493.0
476.0,493.0
479.0,493.0
482.0,493.0
479.0,493.0
477.0,493.0
479.0,493.0
481.0,493.0
478.0,493.0
477.0,493.0
480.0,493.0
481.0,492.0
478.0,493.0
478.0,493.0
480.0,492.0
480.0,492.0
478.0,493.0
478.0,493.0
480.0,492.0
480.0,492.0
478.0,493.0
479.0,493.0
481.0,492.0
479.0,492.0
477.0,493.0
481.0,492.0
482.0,492.0
479.0,493.0
477.0,493.0
480.0,492.0
481.0,492.0
479.0,492.0
477.0,493.0
479.0,493.0
481.0,492.0
479.0,492.0
477.0,493.0
480.0,493.0
480.0,492.0
478.0,493.0
478.0,493.0
481.0,493.0
480.0,492.0
477.0,493.0
479.0,493.0
481.0,493.0
479.0,492.0
477.0,493.0
479.0,493.0
481.0,492.0
480.0,493.0
476.0,493.0
479.0,492.0
482.0,492.0
479.0,493.0
477.0,493.0
480.0,493.0
481.0,492.0
478.0,493.0
477.0,493.0
480.0,493.0
480.0,492.0
478.0,493.0
478.0,493.0
481.0,493.0
480.0,491.0
478.0,493.0
478.0,493.0
481.0,493.0
480.0,492.0
477.0,493.0
479.0,493.0
482.0,493.0
479.0,493.0
477.0,493.0
479.0,492.0
481.0,492.0
479.0,493.0
477.0,493.0
479.0,492.0
481.0,492.0
480.0,493.0
477.0,493.0
481.0,492.0
480.0,491.0
478.0,490.0
478.0,492.0
481.0,492.0
480.0,491.0
478.0,492.0
478.0,493.0
480.0,493.0
479.0,492.0
477.0,493.0
479.0,493.0
481.0,492.0
479.0,493.0
477.0,493.0
479.0,492.0
482.0,492.0
479.0,493.0
477.0,493.0
479.0,493.0
481.0,492.0
479.0,492.0
477.0,493.0
479.0,492.0
481.0,492.0
478.0,493.0
477.0,493.0
480.0,492.0
480.0,492.0
478.0,492.0
478.0,493.0
480.0,492.0
480.0,492.0
477.0,493.0
479.0,493.0
481.0,492.0
479.0,492.0
477.0,493.0
479.0,493.0
482.0,492.0
479.0,492.0
477.0,493.0
479.0,492.0
482.0,492.0
479.0,493.0
477.0,493.0
480.0,492.0
481.0,492.0
479.0,492.0
478.0,493.0
480.0,493.0
481.0,492.0
479.0,493.0
479.0,493.0
481.0,492.0
480.0,492.0
478.0,493.0
479.0,493.0
481.0,492.0
480.0,492.0
477.0,493.0
479.0,493.0
482.0,492.0
479.0,493.0
477.0,493.0
479.0,492.0
482.0,492.0
479.0,492.0
477.0,493.0
480.0,493.0
482.0,492.0
479.0,492.0
478.0,493.0
480.0,492.0
481.0,492.0
478.0,493.0
478.0,493.0
481.0,493.0
480.0,492.0
478.0,493.0
479.0,493.0
480.0,492.0
480.0,492.0
478.0,493.0
479.0,493.0
482.0,492.0
481.0,493.0
477.0,493.0
479.0,492.0
482.0,492.0
479.0,493.0
477.0,493.0
480.0,492.0
482.0,493.0
479.0,492.0
478.0,493.0
480.0,492.0
481.0,492.0
478.0,493.0
478.0,493.0
480.0,493.0
481.0,492.0
479.0,492.0
478.0,493.0
481.0,493.0
480.0,492.0
478.0,493.0
479.0,493.0
481.0,492.0
480.0,493.0
478.0,493.0
479.0,492.0
482.0,492.0
480.0,493.0
477.0,493.0
480.0,492.0
481.0,492.0
479.0,493.0
477.0,493.0
480.0,493.0
480.0,492.0
479.0,492.0
478.0,493.0
480.0,491.0
481.0,490.0
479.0,490.0
478.0,491.0
481.0,491.0
480.0,490.0
478.0,492.0
479.0,492.0
481.0,492.0
480.0,492.0
478.0,493.0
479.0,492.0
482.0,492.0
480.0,493.0
477.0,493.0
480.0,492.0
482.0,492.0
480.0,493.0
477.0,493.0
479.0,493.0
482.0,492.0
479.0,494.0
477.0,493.0
480.0,492.0
481.0,492.0
478.0,493.0
478.0,492.0
480.0,493.0
480.0,492.0
478.0,493.0
479.0,493.0
481.0,492.0
479.0,492.0
478.0,492.0
479.0,492.0
481.0,492.0
479.0,492.0
477.0,493.0
479.0,492.0
482.0,491.0
479.0,493.0
477.0,493.0
479.0,492.0
481.0,492.0
478.0,492.0
477.0,493.0
479.0,493.0
479.0,491.0
478.0,492.0
477.0,493.0
480.0,493.0
480.0,492.0
478.0,493.0
478.0,493.0
480.0,492.0
480.0,492.0
478.0,493.0
479.0,493.0
480.0,492.0
480.0,493.0
477.0,493.0
479.0,492.0
482.0,492.0
479.0,493.0
477.0,493.0
479.0,492.0
482.0,492.0
479.0,492.0
477.0,493.0
480.0,492.0
481.0,492.0
478.0,493.0
477.0,493.0
480.0,493.0
481.0,492.0
478.0,493.0
478.0,493.0
480.0,496.0
480.0,492.0
478.0,493.0
479.0,493.0
480.0,492.0
479.0,492.0
478.0,493.0
478.0,492.0
481.0,492.0
480.0,493.0
476.0,492.0
479.0,493.0
481.0,493.0
479.0,492.0
476.0,493.0
479.0,493.0
481.0,492.0
478.0,492.0
477.0,493.0
480.0,493.0
480.0,492.0
478.0,493.0
477.0,493.0
480.0,493.0
479.0,492.0
477.0,493.0
478.0,493.0
480.0,493.0
479.0,492.0
477.0,493.0
479.0,493.0
480.0,493.0
480.0,493.0
477.0,493.0
479.0,493.0
481.0,493.0
479.0,493.0
476.0,493.0
479.0,493.0
481.0,493.0
478.0,493.0
477.0,494.0
479.0,493.0
480.0,492.0
478.0,491.0
477.0,492.0
480.0,492.0
480.0,491.0
478.0,492.0
478.0,493.0
480.0,492.0
479.0,492.0
478.0,493.0
478.0,493.0
480.0,493.0
479.0,493.0
477.0,494.0
478.0,492.0
481.0,493.0
479.0,494.0
476.0,493.0
479.0,493.0
481.0,493.0
478.0,493.0
479.0,494.0
479.0,494.0
480.0,493.0
478.0,493.0
477.0,494.0
479.0,493.0
480.0,492.0
477.0,493.0
477.0,494.0
480.0,493.0
479.0,493.0
478.0,493.0
478.0,494.0
480.0,493.0
479.0,493.0
477.0,494.0
479.0,494.0
481.0,493.0
479.0,493.0
476.0,494.0
479.0,493.0
481.0,493.0
479.0,493.0
476.0,493.0
479.0,493.0
481.0,493.0
478.0,493.0
477.0,493.0
480.0,493.0
480.0,492.0
478.0,493.0
477.0,494.0
480.0,493.0
480.0,492.0
478.0,493.0
478.0,493.0
480.0,493.0
480.0,493.0
478.0,493.0
478.0,493.0
481.0,492.0
479.0,493.0
476.0,493.0
478.0,493.0
481.0,492.0
480.0,493.0
477.0,493.0
480.0,493.0
481.0,492.0
478.0,493.0
477.0,493.0
480.0,493.0
480.0,492.0
478.0,493.0
477.0,493.0
480.0,493.0
480.0,492.0
478.0,493.0
478.0,494.0
480.0,493.0
480.0,492.0
478.0,493.0
479.0,492.0
480.0,489.0
480.0,493.0
477.0,493.0
479.0,493.0
481.0,493.0
479.0,493.0
477.0,493.0
479.0,493.0
481.0,492.0
478.0,493.0
477.0,493.0
479.0,493.0
481.0,493.0
478.0,493.0
477.0,494.0
480.0,493.0
480.0,493.0
478.0,493.0
478.0,493.0
479.0,493.0
479.0,493.0
477.0,493.0
478.0,494.0
479.0,493.0
479.0,493.0
477.0,494.0
478.0,493.0
480.0,492.0
479.0,493.0
476.0,494.0
478.0,493.0
481.0,493.0
479.0,494.0
476.0,494.0
479.0,494.0
481.0,493.0
478.0,493.0
477.0,493.0
480.0,492.0
481.0,491.0
478.0,492.0
477.0,492.0
480.0,492.0
480.0,492.0
477.0,494.0
477.0,494.0
480.0,492.0
479.0,494.0
477.0,494.0
478.0,493.0
480.0,493.0
480.0,494.0
477.0,495.0
478.0,493.0
481.0,494.0
479.0,494.0
476.0,495.0
479.0,494.0
481.0,493.0
478.0,493.0
477.0,495.0
479.0,494.0
480.0,493.0
478.0,493.0
478.0,495.0
479.0,494.0
480.0,493.0
477.0,494.0
478.0,495.0
480.0,494.0
480.0,493.0
477.0,494.0
478.0,494.0
480.0,493.0
479.0,494.0
477.0,495.0
478.0,494.0
481.0,493.0
479.0,494.0
476.0,494.0
479.0,493.0
482.0,493.0
479.0,493.0
476.0,494.0
479.0,494.0
481.0,493.0
478.0,493.0
477.0,494.0
480.0,494.0
481.0,493.0
478.0,494.0
478.0,494.0
480.0,493.0
480.0,493.0
478.0,494.0
482.0,494.0
481.0,493.0
480.0,494.0
478.0,495.0
479.0,493.0
481.0,493.0
479.0,494.0
477.0,494.0
479.0,493.0
481.0,493.0
479.0,493.0
476.0,494.0
479.0,494.0
482.0,493.0
479.0,493.0
477.0,494.0
480.0,494.0
481.0,493.0
478.0,493.0
478.0,494.0
480.0,493.0
480.0,493.0
478.0,494.0
478.0,494.0
481.0,493.0
480.0,494.0
478.0,494.0
479.0,493.0
480.0,493.0
479.0,494.0
478.0,494.0
479.0,493.0
482.0,492.0
479.0,493.0
476.0,494.0
479.0,494.0
481.0,493.0
479.0,493.0
477.0,495.0
479.0,494.0
481.0,493.0
479.0,494.0
477.0,494.0
480.0,493.0
481.0,493.0
478.0,494.0
478.0,494.0
480.0,493.0
480.0,493.0
478.0,494.0
479.0,494.0
481.0,493.0
480.0,494.0
478.0,495.0
479.0,494.0
481.0,493.0
479.0,494.0
477.0,494.0
479.0,494.0
482.0,493.0
479.0,494.0
477.0,494.0
479.0,494.0
481.0,493.0
479.0,493.0
477.0,495.0
480.0,495.0
480.0,493.0
478.0,494.0
478.0,494.0
480.0,492.0
480.0,491.0
478.0,492.0
478.0,492.0
481.0,492.0
481.0,492.0
478.0,494.0
479.0,492.0
481.0,494.0
479.0,494.0
477.0,494.0
479.0,494.0
482.0,493.0
479.0,494.0
476.0,494.0
479.0,494.0
482.0,493.0
479.0,494.0
477.0,495.0
480.0,494.0
480.0,493.0
478.0,493.0
478.0,494.0
480.0,494.0
480.0,493.0
478.0,494.0
478.0,494.0
480.0,494.0
480.0,494.0
478.0,494.0
479.0,493.0
481.0,493.0
480.0,494.0
477.0,494.0
479.0,494.0
481.0,493.0
479.0,493.0
476.0,494.0
479.0,494.0
482.0,493.0
479.0,494.0
477.0,495.0
480.0,494.0
481.0,493.0
478.0,494.0
478.0,494.0
480.0,493.0
481.0,493.0
478.0,494.0
478.0,494.0
480.0,493.0
479.0,493.0
478.0,494.0
478.0,493.0
480.0,493.0
480.0,493.0
478.0,494.0
479.0,493.0
481.0,493.0
479.0,493.0
477.0,494.0
479.0,493.0
482.0,493.0
479.0,494.0
477.0,494.0
479.0,493.0
481.0,493.0
479.0,493.0
478.0,494.0
480.0,494.0
481.0,493.0
478.0,494.0
478.0,493.0
481.0,493.0
481.0,493.0
478.0,493.0
478.0,493.0
480.0,493.0
480.0,494.0
478.0,493.0
479.0,493.0
481.0,493.0
479.0,493.0
477.0,493.0
479.0,493.0
482.0,492.0
479.0,493.0
476.0,494.0
479.0,493.0
482.0,493.0
479.0,493.0
477.0,494.0
479.0,493.0
481.0,493.0
479.0,493.0
478.0,494.0
481.0,493.0
481.0,493.0
478.0,494.0
479.0,494.0
481.0,493.0
480.0,493.0
478.0,494.0
479.0,493.0
481.0,492.0
480.0,493.0
478.0,493.0
479.0,493.0
482.0,493.0
480.0,493.0
477.0,493.0
479.0,492.0
483.0,492.0
479.0,493.0
477.0,494.0
480.0,493.0
482.0,492.0
480.0,493.0
478.0,494.0
480.0,493.0
481.0,492.0
478.0,493.0
478.0,493.0
480.0,493.0
480.0,493.0
478.0,494.0
479.0,493.0
481.0,492.0
480.0,493.0
478.0,492.0
479.0,490.0
481.0,491.0
480.0,491.0
477.0,492.0
479.0,492.0
482.0,492.0
479.0,492.0
477.0,494.0
480.0,493.0
482.0,493.0
479.0,493.0
477.0,493.0
480.0,493.0
481.0,493.0
479.0,493.0
478.0,493.0
480.0,492.0
480.0,493.0
478.0,494.0
479.0,493.0
480.0,492.0
480.0,492.0
478.0,493.0
479.0,493.0
481.0,493.0
480.0,493.0
477.0,493.0
479.0,492.0
482.0,492.0
480.0,493.0
477.0,493.0
479.0,493.0
482.0,492.0
479.0,493.0
477.0,493.0
479.0,493.0
481.0,492.0
478.0,492.0
477.0,493.0
480.0,492.0
480.0,492.0
478.0,493.0
478.0,493.0
480.0,492.0
480.0,493.0
477.0,493.0
479.0,492.0
480.0,492.0
480.0,493.0
477.0,493.0
479.0,492.0
482.0,492.0
479.0,492.0
477.0,493.0
479.0,493.0
481.0,492.0
479.0,492.0
477.0,494.0
480.0,492.0
481.0,492.0
479.0,492.0
477.0,493.0
480.0,492.0
481.0,492.0
478.0,493.0
478.0,493.0
480.0,492.0
480.0,492.0
478.0,493.0
479.0,492.0
481.0,491.0
480.0,493.0
478.0,493.0
479.0,492.0
481.0,492.0
479.0,492.0
477.0,493.0
479.0,493.0
482.0,492.0
479.0,493.0
477.0,493.0
479.0,493.0
481.0,492.0
479.0,492.0
477.0,493.0
479.0,493.0
481.0,492.0
479.0,493.0
478.0,492.0
480.0,492.0
480.0,493.0
478.0,493.0
478.0,492.0
480.0,492.0
480.0,493.0
477.0,493.0
478.0,492.0
480.0,493.0
479.0,493.0
477.0,493.0
479.0,492.0
481.0,492.0
480.0,492.0
476.0,493.0
479.0,493.0
481.0,492.0
478.0,492.0
476.0,493.0
479.0,492.0
481.0,492.0
478.0,493.0
477.0,493.0
479.0,492.0
480.0,492.0
478.0,493.0
477.0,493.0
480.0,492.0
480.0,492.0
477.0,493.0
478.0,492.0
480.0,492.0
479.0,493.0
477.0,493.0
478.0,492.0
481.0,492.0
479.0,493.0
476.0,493.0
479.0,493.0
482.0,492.0
479.0,491.0
477.0,491.0
479.0,491.0
481.0,490.0
479.0,492.0
477.0,492.0
480.0,491.0
481.0,492.0
478.0,492.0
478.0,493.0
481.0,492.0
480.0,492.0
478.0,493.0
479.0,492.0
480.0,492.0
480.0,493.0
478.0,493.0
479.0,492.0
481.0,492.0
480.0,493.0
476.0,493.0
479.0,493.0
483.0,493.0
479.0,493.0
477.0,493.0
479.0,492.0
482.0,492.0
479.0,493.0
477.0,493.0
479.0,493.0
481.0,492.0
478.0,493.0
477.0,493.0
480.0,493.0
480.0,493.0
477.0,493.0
478.0,492.0
479.0,492.0
479.0,493.0
477.0,493.0
478.0,492.0
480.0,492.0
479.0,493.0
476.0,493.0
479.0,493.0
481.0,492.0
480.0,492.0
476.0,493.0
479.0,493.0
482.0,492.0
479.0,493.0
477.0,493.0
479.0,492.0
481.0,492.0
478.0,493.0
478.0,493.0
480.0,492.0
480.0,493.0
478.0,493.0
478.0,493.0
480.0,493.0
480.0,493.0
477.0,493.0
478.0,493.0
480.0,493.0
480.0,493.0
477.0,493.0
478.0,492.0
481.0,493.0
480.0,494.0
476.0,493.0
479.0,493.0
481.0,492.0
479.0,492.0
477.0,493.0
479.0,492.0
481.0,492.0
479.0,493.0
477.0,493.0
480.0,492.0
481.0,492.0
478.0,493.0
477.0,493.0
480.0,492.0
480.0,493.0
478.0,493.0
478.0,491.0
480.0,492.0
480.0,494.0
478.0,493.0
478.0,493.0
480.0,493.0
479.0,493.0
476.0,493.0
479.0,492.0
481.0,492.0
479.0,493.0
476.0,493.0
479.0,492.0
481.0,492.0
479.0,493.0
477.0,493.0
479.0,493.0
481.0,492.0
478.0,493.0
477.0,493.0
480.0,492.0
480.0,493.0
478.0,493.0
478.0,493.0
480.0,492.0
479.0,493.0
478.0,493.0
478.0,492.0
480.0,492.0
479.0,492.0
477.0,493.0
478.0,492.0
481.0,492.0
479.0,493.0
476.0,493.0
479.0,492.0
482.0,492.0
479.0,491.0
477.0,491.0
479.0,491.0
481.0,490.0
478.0,492.0
477.0,492.0
480.0,492.0
480.0,493.0
478.0,493.0
477.0,493.0
480.0,492.0
480.0,493.0
478.0,493.0
479.0,493.0
480.0,492.0
479.0,493.0
478.0,493.0
478.0,492.0
481.0,492.0
479.0,492.0
477.0,493.0
479.0,492.0
481.0,491.0
479.0,492.0
477.0,493.0
479.0,492.0
481.0,492.0
479.0,492.0
477.0,493.0
479.0,492.0
481.0,492.0
478.0,493.0
478.0,492.0
480.0,492.0
480.0,493.0
478.0,493.0
478.0,492.0
480.0,492.0
480.0,493.0
478.0,493.0
478.0,493.0
480.0,492.0
479.0,492.0
477.0,493.0
479.0,493.0
482.0,491.0
479.0,492.0
477.0,493.0
479.0,493.0
482.0,492.0
479.0,493.0
477.0,493.0
480.0,492.0
481.0,492.0
479.0,493.0
478.0,493.0
481.0,493.0
481.0,493.0
479.0,493.0
478.0,492.0
481.0,492.0
480.0,493.0
478.0,493.0
479.0,493.0
481.0,493.0
480.0,493.0
478.0,493.0
479.0,493.0
482.0,492.0
479.0,493.0
477.0,493.0
479.0,493.0
482.0,492.0
479.0,493.0
477.0,494.0
480.0,493.0
482.0,493.0
479.0,493.0
478.0,494.0
480.0,493.0
481.0,493.0
479.0,494.0
478.0,493.0
480.0,493.0
480.0,493.0
478.0,493.0
479.0,493.0
481.0,493.0
480.0,492.0
478.0,493.0
479.0,493.0
483.0,492.0
479.0,492.0
477.0,493.0
479.0,493.0
482.0,492.0
479.0,493.0
476.0,493.0
479.0,495.0
481.0,492.0
479.0,492.0
477.0,493.0
479.0,492.0
481.0,492.0
478.0,493.0
477.0,492.0
481.0,492.0
480.0,493.0
478.0,493.0
478.0,492.0
480.0,492.0
480.0,493.0
478.0,493.0
479.0,493.0
480.0,492.0
479.0,492.0
477.0,493.0
479.0,493.0
481.0,492.0
480.0,493.0
476.0,494.0
479.0,493.0
481.0,492.0
478.0,492.0
477.0,493.0
479.0,493.0
481.0,493.0
478.0,494.0
477.0,493.0
480.0,492.0
480.0,492.0
478.0,491.0
478.0,491.0
480.0,490.0
480.0,492.0
478.0,492.0
479.0,492.0
480.0,492.0
480.0,493.0
478.0,493.0
479.0,493.0
481.0,492.0
480.0,493.0
476.0,493.0
480.0,493.0
481.0,492.0
479.0,493.0
476.0,494.0
479.0,493.0
481.0,493.0
479.0,493.0
477.0,494.0
480.0,493.0
482.0,493.0
479.0,494.0
478.0,493.0
484.0,492.0
482.0,494.0
476.0,493.0
477.0,493.0
479.0,492.0
479.0,493.0
478.0,495.0
479.0,494.0
483.0,493.0
478.0,493.0
475.0,493.0
481.0,493.0
490.0,493.0
481.0,494.0
470.0,494.0
476.0,494.0
480.0,495.0
483.0,505.0
481.0,496.0
480.0,493.0
478.0,494.0
475.0,496.0
479.0,497.0
487.0,496.0
480.0,491.0
473.0,489.0
476.0,491.0
481.0,494.0
480.0,506.0
485.0,497.0
476.0,485.0
476.0,485.0
482.0,491.0
479.0,502.0
476.0,505.0
477.0,496.0
479.0,485.0
477.0,497.0
479.0,504.0
491.0,494.0
484.0,484.0
473.0,488.0
475.0,490.0
481.0,489.0
489.0,491.0
479.0,496.0
469.0,503.0
480.0,497.0
485.0,490.0
480.0,492.0
482.0,493.0
475.0,495.0
474.0,493.0
484.0,492.0
497.0,490.0
480.0,496.0
464.0,492.0
474.0,492.0
481.0,503.0
484.0,504.0
480.0,491.0
478.0,489.0
478.0,499.0
486.0,496.0
484.0,487.0
478.0,486.0
483.0,491.0
479.0,495.0
475.0,492.0
482.0,492.0
480.0,497.0
476.0,495.0
477.0,490.0
485.0,498.0
481.0,501.0
480.0,494.0
472.0,497.0
480.0,501.0
488.0,495.0
481.0,488.0
471.0,498.0
479.0,508.0
486.0,492.0
479.0,485.0
479.0,488.0
476.0,491.0
474.0,493.0
484.0,492.0
478.0,492.0
476.0,495.0
473.0,502.0
473.0,496.0
479.0,494.0
481.0,521.0
479.0,501.0
472.0,482.0
481.0,495.0
483.0,496.0
474.0,500.0
476.0,493.0
478.0,487.0
480.0,488.0
475.0,492.0
480.0,493.0
473.0,494.0
477.0,494.0
473.0,495.0
475.0,498.0
480.0,497.0
481.0,492.0
472.0,490.0
476.0,493.0
480.0,491.0
478.0,490.0
478.0,495.0
473.0,493.0
479.0,488.0
478.0,490.0
475.0,493.0
478.0,493.0
480.0,495.0
479.0,496.0
476.0,484.0
478.0,492.0
479.0,494.0
478.0,491.0
475.0,494.0
479.0,493.0
482.0,493.0
477.0,499.0
478.0,497.0
479.0,491.0
478.0,493.0
475.0,495.0
478.0,498.0
482.0,494.0
480.0,491.0
475.0,496.0
479.0,495.0
481.0,496.0
477.0,496.0
477.0,496.0
479.0,492.0
480.0,494.0
477.0,494.0
478.0,497.0
478.0,496.0
481.0,493.0
479.0,493.0
478.0,496.0
480.0,494.0
479.0,496.0
478.0,496.0
478.0,496.0
483.0,493.0
479.0,496.0
476.0,496.0
477.0,496.0
480.0,494.0
480.0,493.0
475.0,496.0
479.0,496.0
481.0,496.0
479.0,494.0
478.0,497.0
481.0,498.0
481.0,493.0
479.0,496.0
478.0,493.0
482.0,494.0
480.0,496.0
478.0,495.0
477.0,495.0
479.0,494.0
482.0,493.0
478.0,494.0
477.0,495.0
480.0,492.0
479.0,493.0
479.0,494.0
477.0,496.0
481.0,494.0
479.0,492.0
476.0,494.0
478.0,496.0
481.0,493.0
479.0,491.0
477.0,494.0
479.0,494.0
482.0,493.0
478.0,495.0
476.0,494.0
479.0,492.0
481.0,494.0
477.0,494.0
478.0,496.0
480.0,494.0
479.0,494.0
478.0,493.0
477.0,493.0
480.0,494.0
479.0,492.0
478.0,494.0
478.0,495.0
479.0,493.0
479.0,493.0
476.0,493.0
479.0,494.0
480.0,493.0
479.0,492.0
475.0,493.0
479.0,495.0
481.0,493.0
479.0,494.0
476.0,492.0
479.0,494.0
480.0,493.0
477.0,495.0
478.0,494.0
479.0,493.0
480.0,493.0
477.0,492.0
478.0,494.0
479.0,493.0
480.0,493.0
478.0,493.0
478.0,493.0
479.0,493.0
479.0,493.0
477.0,493.0
478.0,492.0
482.0,490.0
479.0,491.0
476.0,493.0
479.0,492.0
481.0,492.0
478.0,493.0
476.0,494.0
479.0,492.0
481.0,493.0
478.0,494.0
478.0,494.0
479.0,493.0
479.0,494.0
477.0,494.0
477.0,492.0
479.0,493.0
479.0,494.0
477.0,493.0
478.0,493.0
480.0,492.0
479.0,493.0
475.0,493.0
478.0,493.0
480.0,492.0
480.0,492.0
476.0,493.0
478.0,494.0
480.0,493.0
479.0,494.0
479.0,495.0
477.0,494.0
479.0,493.0
479.0,493.0
477.0,493.0
479.0,495.0
480.0,493.0
477.0,493.0
477.0,493.0
478.0,493.0
482.0,493.0
476.0,492.0
477.0,493.0
479.0,493.0
479.0,493.0
476.0,492.0
477.0,494.0
483.0,493.0
479.0,492.0
473.0,495.0
478.0,496.0
480.0,493.0
478.0,490.0
476.0,493.0
478.0,493.0
479.0,492.0
478.0,494.0
476.0,492.0
479.0,491.0
480.0,493.0
477.0,494.0
476.0,493.0
479.0,492.0
480.0,494.0
477.0,492.0
477.0,493.0
479.0,493.0
480.0,492.0
476.0,493.0
479.0,494.0
479.0,494.0
478.0,493.0
478.0,494.0
478.0,494.0
481.0,493.0
478.0,493.0
476.0,494.0
478.0,494.0
480.0,494.0
479.0,493.0
477.0,493.0
479.0,494.0
481.0,494.0
478.0,493.0
477.0,493.0
479.0,493.0
481.0,494.0
478.0,493.0
475.0,494.0
479.0,493.0
480.0,494.0
477.0,494.0
477.0,493.0
480.0,492.0
479.0,493.0
476.0,494.0
478.0,495.0
481.0,492.0
479.0,495.0
476.0,492.0
479.0,493.0
481.0,494.0
479.0,492.0
476.0,493.0
479.0,494.0
481.0,495.0
479.0,492.0
477.0,493.0
479.0,494.0
480.0,494.0
478.0,493.0
476.0,492.0
481.0,494.0
482.0,493.0
475.0,494.0
478.0,495.0
479.0,492.0
480.0,492.0
478.0,493.0
479.0,492.0
480.0,492.0
479.0,492.0
477.0,492.0
478.0,492.0
481.0,493.0
480.0,493.0
475.0,493.0
478.0,494.0
481.0,495.0
479.0,495.0
476.0,493.0
479.0,492.0
481.0,493.0
480.0,494.0
476.0,494.0
480.0,494.0
481.0,494.0
478.0,493.0
478.0,495.0
480.0,496.0
479.0,492.0
478.0,495.0
477.0,494.0
480.0,493.0
481.0,495.0
477.0,495.0
478.0,492.0
482.0,493.0
480.0,493.0
477.0,495.0
479.0,494.0
481.0,494.0
479.0,493.0
473.0,495.0
480.0,494.0
483.0,496.0
478.0,493.0
476.0,494.0
479.0,493.0
481.0,495.0
478.0,495.0
479.0,493.0
479.0,493.0
481.0,493.0
477.0,495.0
477.0,495.0
480.0,494.0
480.0,494.0
477.0,493.0
478.0,494.0
482.0,494.0
479.0,493.0
476.0,494.0
479.0,495.0
481.0,494.0
480.0,494.0
478.0,495.0
479.0,495.0
482.0,493.0
480.0,493.0
477.0,492.0
479.0,494.0
480.0,495.0
477.0,495.0
476.0,493.0
480.0,494.0
481.0,494.0
478.0,496.0
477.0,495.0
480.0,495.0
480.0,493.0
478.0,495.0
478.0,493.0
481.0,495.0
479.0,493.0
478.0,493.0
478.0,495.0
481.0,495.0
479.0,495.0
477.0,492.0
478.0,494.0
483.0,494.0
479.0,493.0
476.0,494.0
479.0,495.0
482.0,495.0
479.0,494.0
477.0,493.0
480.0,495.0
481.0,496.0
479.0,495.0
478.0,494.0
482.0,494.0
481.0,495.0
477.0,495.0
478.0,494.0
481.0,493.0
479.0,492.0
478.0,494.0
479.0,495.0
481.0,493.0
479.0,494.0
477.0,495.0
479.0,496.0
482.0,495.0
479.0,494.0
478.0,495.0
479.0,494.0
482.0,492.0
479.0,493.0
478.0,493.0
480.0,494.0
482.0,495.0
479.0,492.0
478.0,495.0
481.0,494.0
480.0,493.0
478.0,495.0
479.0,494.0
482.0,494.0
481.0,494.0
479.0,496.0
478.0,496.0
479.0,493.0
480.0,493.0
478.0,496.0
479.0,495.0
482.0,493.0
479.0,494.0
477.0,495.0
479.0,494.0
483.0,493.0
479.0,493.0
477.0,495.0
480.0,495.0
480.0,496.0
479.0,493.0
477.0,495.0
483.0,494.0
479.0,494.0
478.0,494.0
478.0,496.0
481.0,493.0
480.0,493.0
477.0,494.0
478.0,495.0
480.0,493.0
481.0,494.0
478.0,494.0
477.0,494.0
482.0,493.0
481.0,493.0
475.0,496.0
479.0,495.0
483.0,494.0
479.0,494.0
477.0,493.0
479.0,495.0
482.0,494.0
479.0,494.0
477.0,494.0
480.0,493.0
481.0,494.0
479.0,494.0
477.0,495.0
481.0,494.0
482.0,493.0
477.0,495.0
479.0,495.0
481.0,495.0
480.0,493.0
478.0,494.0
479.0,496.0
481.0,494.0
480.0,493.0
477.0,495.0
479.0,496.0
481.0,492.0
480.0,494.0
477.0,494.0
479.0,494.0
482.0,495.0
478.0,495.0
476.0,492.0
479.0,495.0
482.0,495.0
479.0,495.0
478.0,498.0
480.0,493.0
481.0,493.0
477.0,495.0
478.0,494.0
481.0,493.0
480.0,492.0
479.0,494.0
478.0,497.0
481.0,491.0
480.0,493.0
478.0,495.0
479.0,495.0
481.0,493.0
480.0,495.0
476.0,495.0
479.0,495.0
483.0,495.0
479.0,494.0
477.0,494.0
480.0,493.0
482.0,494.0
478.0,493.0
478.0,493.0
480.0,495.0
481.0,493.0
479.0,495.0
479.0,496.0
482.0,493.0
481.0,492.0
478.0,492.0
478.0,493.0
482.0,493.0
480.0,493.0
479.0,493.0
480.0,494.0
482.0,494.0
480.0,492.0
477.0,495.0
480.0,495.0
482.0,494.0
480.0,495.0
477.0,493.0
480.0,494.0
481.0,496.0
480.0,495.0
478.0,492.0
481.0,494.0
482.0,495.0
479.0,494.0
478.0,494.0
481.0,494.0
482.0,493.0
479.0,493.0
479.0,495.0
481.0,496.0
481.0,493.0
478.0,493.0
478.0,494.0
482.0,494.0
479.0,495.0
478.0,495.0
479.0,494.0
483.0,493.0
482.0,495.0
478.0,494.0
479.0,497.0
482.0,494.0
480.0,494.0
478.0,492.0
480.0,493.0
482.0,493.0
479.0,494.0
479.0,494.0
481.0,495.0
482.0,493.0
479.0,493.0
479.0,494.0
481.0,493.0
481.0,494.0
480.0,493.0
479.0,492.0
481.0,493.0
481.0,494.0
479.0,494.0
479.0,495.0
481.0,494.0
480.0,494.0
477.0,495.0
480.0,494.0
483.0,497.0
480.0,494.0
479.0,493.0
479.0,494.0
482.0,494.0
479.0,492.0
478.0,493.0
481.0,494.0
481.0,493.0
479.0,493.0
478.0,495.0
482.0,493.0
481.0,493.0
480.0,493.0
479.0,494.0
481.0,494.0
481.0,493.0
479.0,493.0
478.0,494.0
482.0,494.0
479.0,494.0
478.0,494.0
478.0,493.0
484.0,493.0
480.0,493.0
476.0,493.0
479.0,494.0
481.0,494.0
479.0,492.0
478.0,495.0
480.0,493.0
482.0,490.0
479.0,493.0
478.0,495.0
479.0,493.0
481.0,493.0
478.0,495.0
478.0,493.0
481.0,492.0
480.0,493.0
478.0,494.0
478.0,493.0
480.0,493.0
479.0,494.0
480.0,493.0
479.0,493.0
482.0,493.0
480.0,494.0
477.0,494.0
479.0,495.0
481.0,494.0
479.0,490.0
477.0,491.0
479.0,491.0
481.0,491.0
479.0,492.0
478.0,492.0
480.0,495.0
480.0,493.0
478.0,492.0
478.0,493.0
480.0,493.0
481.0,493.0
478.0,494.0
478.0,495.0
480.0,493.0
480.0,493.0
478.0,496.0
479.0,494.0
483.0,493.0
481.0,492.0
474.0,493.0
479.0,496.0
484.0,491.0
479.0,495.0
476.0,491.0
479.0,493.0
481.0,495.0
478.0,494.0
477.0,492.0
480.0,494.0
481.0,493.0
479.0,494.0
476.0,494.0
479.0,494.0
480.0,494.0
478.0,496.0
478.0,493.0
481.0,493.0
481.0,493.0
478.0,494.0
479.0,497.0
480.0,493.0
481.0,492.0
477.0,493.0
479.0,494.0
482.0,494.0
481.0,493.0
476.0,493.0
480.0,493.0
482.0,495.0
480.0,493.0
477.0,493.0
480.0,493.0
481.0,494.0
479.0,493.0
478.0,495.0
480.0,493.0
481.0,492.0
478.0,493.0
479.0,495.0
481.0,492.0
480.0,494.0
478.0,494.0
478.0,494.0
481.0,492.0
480.0,493.0
478.0,494.0
482.0,494.0
482.0,493.0
481.0,493.0
477.0,493.0
480.0,493.0
482.0,493.0
479.0,493.0
478.0,491.0
480.0,494.0
480.0,493.0
480.0,493.0
478.0,493.0
480.0,492.0
481.0,493.0
478.0,494.0
479.0,494.0
481.0,493.0
481.0,490.0
479.0,494.0
478.0,493.0
480.0,493.0
480.0,492.0
478.0,494.0
479.0,493.0
481.0,493.0
480.0,494.0
477.0,493.0
479.0,494.0
481.0,494.0
479.0,493.0
477.0,491.0
479.0,492.0
481.0,493.0
479.0,493.0
476.0,493.0
480.0,492.0
480.0,493.0
478.0,495.0
477.0,493.0
480.0,493.0
481.0,494.0
477.0,494.0
477.0,493.0
480.0,493.0
480.0,494.0
478.0,492.0
479.0,490.0
481.0,490.0
480.0,491.0
477.0,492.0
479.0,492.0
482.0,493.0
480.0,493.0
476.0,492.0
479.0,493.0
481.0,494.0
480.0,494.0
477.0,494.0
480.0,492.0
482.0,494.0
479.0,492.0
477.0,493.0
479.0,494.0
481.0,493.0
479.0,494.0
475.0,493.0
480.0,492.0
481.0,492.0
478.0,493.0
479.0,495.0
481.0,493.0
480.0,493.0
478.0,493.0
479.0,493.0
481.0,493.0
480.0,493.0
477.0,493.0
479.0,493.0
482.0,493.0
480.0,493.0
477.0,492.0
479.0,495.0
482.0,491.0
479.0,492.0
477.0,494.0
481.0,493.0
482.0,493.0
478.0,493.0
478.0,492.0
480.0,493.0
482.0,491.0
480.0,494.0
479.0,494.0
480.0,491.0
480.0,494.0
479.0,493.0
479.0,493.0
482.0,493.0
481.0,495.0
477.0,491.0
479.0,493.0
483.0,495.0
480.0,492.0
477.0,493.0
480.0,493.0
482.0,493.0
479.0,494.0
478.0,492.0
482.0,492.0
482.0,493.0
479.0,492.0
478.0,492.0
483.0,495.0
481.0,492.0
479.0,492.0
479.0,493.0
482.0,492.0
481.0,493.0
477.0,494.0
479.0,492.0
482.0,491.0
481.0,493.0
478.0,492.0
479.0,493.0
483.0,495.0
480.0,493.0
478.0,493.0
480.0,492.0
481.0,495.0
480.0,493.0
480.0,492.0
480.0,492.0
483.0,492.0
479.0,493.0
479.0,495.0
481.0,494.0
481.0,490.0
479.0,493.0
479.0,493.0
481.0,492.0
480.0,494.0
479.0,493.0
479.0,492.0
481.0,493.0
480.0,492.0
478.0,493.0
479.0,493.0
481.0,493.0
479.0,493.0
477.0,493.0
479.0,492.0
482.0,492.0
480.0,493.0
479.0,490.0
480.0,491.0
481.0,490.0
479.0,491.0
477.0,493.0
480.0,491.0
482.0,491.0
479.0,494.0
478.0,493.0
481.0,492.0
481.0,492.0
479.0,493.0
479.0,493.0
481.0,493.0
481.0,493.0
479.0,494.0
479.0,493.0
481.0,493.0
480.0,493.0
477.0,492.0
478.0,492.0
481.0,493.0
480.0,493.0
477.0,492.0
479.0,494.0
481.0,491.0
479.0,494.0
478.0,495.0
480.0,491.0
482.0,491.0
479.0,493.0
478.0,494.0
480.0,492.0
480.0,493.0
478.0,493.0
478.0,492.0
480.0,492.0
480.0,492.0
477.0,494.0
478.0,493.0
481.0,492.0
480.0,492.0
477.0,492.0
479.0,493.0
482.0,493.0
477.0,496.0
477.0,491.0
479.0,492.0
483.0,493.0
479.0,492.0
477.0,490.0
479.0,492.0
481.0,491.0
479.0,493.0
477.0,493.0
480.0,493.0
481.0,491.0
478.0,493.0
478.0,492.0
480.0,493.0
481.0,491.0
479.0,493.0
478.0,494.0
481.0,492.0
480.0,493.0
478.0,493.0
479.0,492.0
481.0,493.0
480.0,493.0
478.0,493.0
479.0,492.0
482.0,493.0
480.0,494.0
477.0,493.0
480.0,493.0
482.0,492.0
479.0,493.0
477.0,495.0
480.0,492.0
484.0,492.0
480.0,493.0
478.0,495.0
481.0,494.0
482.0,492.0
478.0,494.0
477.0,493.0
481.0,492.0
480.0,493.0
478.0,494.0
479.0,493.0
481.0,493.0
480.0,493.0
477.0,492.0
479.0,494.0
481.0,493.0
480.0,492.0
476.0,491.0
479.0,493.0
482.0,493.0
479.0,494.0
477.0,493.0
480.0,494.0
481.0,492.0
479.0,492.0
478.0,492.0
481.0,487.0
481.0,490.0
478.0,493.0
478.0,494.0
480.0,489.0
481.0,492.0
478.0,492.0
479.0,492.0
480.0,492.0
480.0,492.0
478.0,494.0
479.0,492.0
482.0,493.0
479.0,493.0
476.0,495.0
480.0,492.0
483.0,492.0
479.0,492.0
476.0,493.0
480.0,493.0
481.0,492.0
479.0,495.0
477.0,491.0
480.0,493.0
482.0,492.0
479.0,493.0
478.0,494.0
480.0,492.0
481.0,493.0
477.0,493.0
479.0,493.0
481.0,492.0
479.0,493.0
478.0,494.0
479.0,492.0
481.0,493.0
479.0,492.0
478.0,493.0
479.0,492.0
482.0,495.0
480.0,491.0
476.0,491.0
480.0,492.0
482.0,491.0
479.0,492.0
477.0,493.0
480.0,492.0
480.0,491.0
478.0,492.0
477.0,493.0
481.0,492.0
482.0,493.0
478.0,494.0
478.0,495.0
480.0,490.0
482.0,493.0
479.0,493.0
477.0,494.0
481.0,493.0
480.0,492.0
477.0,492.0
479.0,492.0
482.0,494.0
480.0,492.0
478.0,492.0
479.0,494.0
481.0,492.0
480.0,493.0
478.0,492.0
479.0,492.0
482.0,493.0
478.0,493.0
477.0,493.0
480.0,491.0
481.0,492.0
478.0,492.0
477.0,493.0
480.0,493.0
480.0,491.0
478.0,493.0
478.0,493.0
480.0,491.0
480.0,492.0
478.0,492.0
479.0,493.0
482.0,492.0
480.0,493.0
476.0,492.0
480.0,494.0
483.0,492.0
480.0,492.0
477.0,492.0
480.0,493.0
483.0,492.0
479.0,492.0
478.0,495.0
480.0,492.0
480.0,491.0
478.0,495.0
478.0,494.0
480.0,493.0
481.0,492.0
478.0,493.0
477.0,493.0
480.0,491.0
480.0,491.0
478.0,493.0
478.0,490.0
481.0,492.0
481.0,492.0
478.0,491.0
479.0,493.0
482.0,493.0
480.0,492.0
476.0,493.0
479.0,493.0
481.0,493.0
479.0,492.0
476.0,492.0
479.0,492.0
482.0,492.0
479.0,493.0
475.0,494.0
480.0,492.0
481.0,492.0
478.0,493.0
477.0,494.0
480.0,492.0
480.0,493.0
477.0,492.0
479.0,493.0
480.0,493.0
479.0,494.0
477.0,494.0
479.0,491.0
481.0,492.0
480.0,493.0
476.0,492.0
479.0,493.0
482.0,491.0
479.0,493.0
476.0,493.0
479.0,492.0
481.0,491.0
479.0,493.0
476.0,494.0
480.0,492.0
480.0,491.0
478.0,495.0
477.0,494.0
480.0,491.0
481.0,491.0
477.0,493.0
482.0,493.0
480.0,494.0
480.0,490.0
477.0,492.0
478.0,495.0
481.0,494.0
481.0,493.0
476.0,493.0
477.0,492.0
481.0,492.0
478.0,493.0
476.0,494.0
479.0,492.0
482.0,492.0
480.0,492.0
476.0,493.0
479.0,494.0
480.0,492.0
478.0,495.0
477.0,493.0
479.0,490.0
480.0,492.0
478.0,493.0
477.0,492.0
480.0,490.0
480.0,492.0
476.0,492.0
477.0,492.0
481.0,492.0
479.0,493.0
477.0,492.0
479.0,493.0
482.0,492.0
479.0,491.0
475.0,492.0
479.0,492.0
482.0,492.0
479.0,494.0
476.0,495.0
479.0,492.0
483.0,492.0
479.0,494.0
476.0,492.0
480.0,492.0
481.0,492.0
479.0,494.0
477.0,494.0
480.0,492.0
480.0,492.0
478.0,494.0
479.0,492.0
481.0,493.0
479.0,495.0
476.0,493.0
478.0,490.0
481.0,493.0
479.0,493.0
476.0,492.0
479.0,494.0
481.0,493.0
479.0,492.0
476.0,492.0
479.0,491.0
481.0,490.0
479.0,491.0
477.0,492.0
480.0,491.0
481.0,492.0
478.0,493.0
478.0,494.0
479.0,491.0
480.0,491.0
477.0,493.0
477.0,494.0
480.0,491.0
481.0,491.0
476.0,492.0
478.0,493.0
480.0,493.0
479.0,493.0
476.0,493.0
478.0,493.0
481.0,492.0
480.0,493.0
477.0,494.0
479.0,494.0
482.0,491.0
478.0,492.0
477.0,492.0
479.0,493.0
482.0,492.0
479.0,492.0
476.0,493.0
479.0,492.0
481.0,492.0
478.0,493.0
477.0,492.0
479.0,493.0
480.0,493.0
477.0,492.0
479.0,493.0
481.0,493.0
479.0,495.0
476.0,493.0
478.0,492.0
481.0,492.0
480.0,494.0
477.0,493.0
480.0,492.0
481.0,492.0
479.0,492.0
478.0,493.0
480.0,492.0
481.0,492.0
478.0,492.0
477.0,493.0
480.0,492.0
481.0,492.0
479.0,495.0
478.0,492.0
481.0,493.0
480.0,493.0
479.0,492.0
479.0,492.0
481.0,493.0
479.0,491.0
477.0,491.0
479.0,495.0
482.0,492.0
479.0,492.0
477.0,493.0
479.0,492.0
482.0,493.0
479.0,493.0
477.0,493.0
479.0,492.0
481.0,492.0
479.0,492.0
476.0,493.0
479.0,492.0
482.0,492.0
479.0,493.0
477.0,493.0
480.0,492.0
481.0,492.0
479.0,494.0
478.0,493.0
480.0,493.0
480.0,491.0
477.0,493.0
479.0,492.0
479.0,493.0
480.0,491.0
477.0,493.0
478.0,493.0
482.0,492.0
480.0,493.0
475.0,493.0
479.0,492.0
482.0,491.0
479.0,493.0
477.0,492.0
479.0,493.0
482.0,492.0
478.0,492.0
477.0,493.0
480.0,492.0
481.0,493.0
478.0,493.0
478.0,492.0
480.0,492.0
479.0,490.0
479.0,491.0
478.0,491.0
481.0,492.0
480.0,493.0
477.0,493.0
479.0,492.0
482.0,493.0
480.0,493.0
476.0,494.0
479.0,494.0
482.0,490.0
480.0,493.0
477.0,493.0
479.0,493.0
482.0,493.0
479.0,494.0
477.0,492.0
480.0,493.0
480.0,491.0
479.0,493.0
479.0,494.0
480.0,492.0
480.0,494.0
478.0,491.0
478.0,492.0
480.0,493.0
479.0,493.0
479.0,491.0
478.0,493.0
481.0,493.0
479.0,492.0
476.0,494.0
479.0,495.0
481.0,492.0
479.0,494.0
476.0,493.0
479.0,492.0
481.0,493.0
479.0,493.0
476.0,493.0
479.0,494.0
482.0,493.0
479.0,493.0
478.0,494.0
480.0,492.0
480.0,492.0
478.0,493.0
478.0,492.0
479.0,493.0
480.0,493.0
477.0,492.0
478.0,492.0
480.0,493.0
479.0,493.0
476.0,493.0
479.0,495.0
482.0,492.0
480.0,492.0
475.0,493.0
479.0,492.0
482.0,493.0
479.0,494.0
477.0,492.0
479.0,493.0
481.0,492.0
478.0,494.0
478.0,493.0
479.0,492.0
479.0,491.0
478.0,493.0
477.0,492.0
479.0,491.0
479.0,493.0
477.0,492.0
477.0,493.0
479.0,493.0
479.0,493.0
476.0,492.0
477.0,492.0
482.0,493.0
479.0,493.0
477.0,492.0
477.0,492.0
481.0,491.0
479.0,493.0
476.0,493.0
479.0,493.0
481.0,494.0
479.0,494.0
476.0,492.0
479.0,493.0
481.0,490.0
478.0,493.0
477.0,494.0
479.0,493.0
479.0,494.0
478.0,492.0
479.0,492.0
480.0,493.0
480.0,495.0
478.0,491.0
478.0,492.0
481.0,494.0
480.0,493.0
477.0,493.0
478.0,493.0
481.0,490.0
479.0,492.0
476.0,492.0
480.0,490.0
481.0,492.0
478.0,492.0
477.0,491.0
480.0,490.0
482.0,491.0
478.0,492.0
477.0,493.0
479.0,492.0
480.0,491.0
478.0,493.0
478.0,492.0
480.0,492.0
480.0,493.0
478.0,491.0
478.0,492.0
481.0,492.0
479.0,493.0
477.0,493.0
479.0,492.0
481.0,491.0
479.0,493.0
476.0,493.0
480.0,492.0
482.0,492.0
479.0,494.0
476.0,492.0
479.0,492.0
481.0,491.0
479.0,493.0
478.0,494.0
480.0,491.0
480.0,492.0
478.0,496.0
478.0,492.0
480.0,492.0
480.0,493.0
479.0,492.0
478.0,493.0
480.0,492.0
479.0,493.0
478.0,493.0
478.0,492.0
481.0,492.0
480.0,492.0
477.0,493.0
479.0,491.0
482.0,491.0
479.0,492.0
476.0,492.0
480.0,494.0
481.0,492.0
478.0,490.0
477.0,493.0
479.0,493.0
481.0,492.0
478.0,493.0
477.0,493.0
481.0,491.0
479.0,492.0
478.0,493.0
478.0,492.0
481.0,494.0
480.0,493.0
478.0,491.0
479.0,494.0
480.0,493.0
479.0,492.0
476.0,493.0
479.0,492.0
482.0,491.0
480.0,493.0
476.0,494.0
479.0,493.0
482.0,491.0
479.0,495.0
476.0,493.0
481.0,492.0
480.0,493.0
478.0,492.0
477.0,493.0
479.0,492.0
481.0,493.0
478.0,492.0
478.0,493.0
481.0,493.0
480.0,493.0
478.0,493.0
478.0,492.0
480.0,492.0
480.0,493.0
478.0,493.0
479.0,493.0
481.0,491.0
480.0,492.0
476.0,495.0
479.0,493.0
481.0,493.0
479.0,493.0
478.0,493.0
479.0,492.0
481.0,493.0
479.0,493.0
478.0,492.0
479.0,492.0
481.0,493.0
478.0,492.0
478.0,493.0
481.0,493.0
481.0,492.0
477.0,491.0
478.0,491.0
480.0,492.0
481.0,493.0
477.0,490.0
479.0,493.0
482.0,492.0
481.0,493.0
476.0,493.0
479.0,492.0
483.0,493.0
479.0,496.0
476.0,493.0
480.0,491.0
483.0,493.0
479.0,492.0
477.0,495.0
480.0,493.0
482.0,492.0
478.0,493.0
477.0,494.0
480.0,494.0
482.0,493.0
478.0,493.0
478.0,492.0
481.0,494.0
480.0,493.0
479.0,494.0
479.0,493.0
480.0,495.0
480.0,493.0
478.0,493.0
479.0,493.0
483.0,493.0
481.0,496.0
476.0,494.0
479.0,492.0
483.0,493.0
479.0,494.0
478.0,496.0
480.0,492.0
482.0,492.0
478.0,494.0
478.0,493.0
480.0,492.0
480.0,492.0
477.0,494.0
479.0,495.0
480.0,495.0
481.0,493.0
478.0,493.0
477.0,493.0
481.0,493.0
480.0,492.0
477.0,493.0
478.0,495.0
481.0,493.0
479.0,493.0
476.0,495.0
479.0,492.0
481.0,493.0
479.0,495.0
476.0,493.0
480.0,493.0
481.0,493.0
479.0,494.0
478.0,496.0
480.0,492.0
481.0,493.0
479.0,493.0
477.0,492.0
480.0,495.0
481.0,493.0
478.0,493.0
480.0,492.0
480.0,492.0
481.0,495.0
477.0,493.0
478.0,495.0
482.0,492.0
479.0,493.0
477.0,493.0
479.0,493.0
482.0,492.0
479.0,494.0
477.0,495.0
479.0,493.0
483.0,493.0
479.0,493.0
477.0,492.0
480.0,493.0
481.0,492.0
478.0,494.0
478.0,494.0
481.0,494.0
482.0,493.0
478.0,493.0
478.0,493.0
483.0,496.0
480.0,495.0
477.0,492.0
478.0,493.0
481.0,493.0
480.0,493.0
476.0,497.0
479.0,493.0
483.0,492.0
481.0,493.0
476.0,492.0
479.0,491.0
482.0,491.0
480.0,493.0
477.0,493.0
479.0,493.0
482.0,492.0
479.0,492.0
478.0,492.0
480.0,493.0
481.0,494.0
479.0,493.0
479.0,495.0
479.0,494.0
480.0,493.0
479.0,493.0
478.0,495.0
481.0,496.0
480.0,492.0
478.0,495.0
478.0,495.0
482.0,493.0
479.0,494.0
476.0,496.0
479.0,492.0
483.0,493.0
479.0,493.0
476.0,494.0
479.0,495.0
482.0,495.0
479.0,493.0
476.0,492.0
479.0,493.0
481.0,493.0
478.0,494.0
478.0,494.0
480.0,493.0
480.0,493.0
478.0,493.0
478.0,494.0
480.0,494.0
480.0,493.0
479.0,494.0
479.0,495.0
482.0,493.0
480.0,493.0
477.0,495.0
479.0,492.0
481.0,494.0
479.0,493.0
476.0,496.0
479.0,495.0
482.0,493.0
478.0,494.0
476.0,494.0
480.0,493.0
480.0,494.0
478.0,497.0
477.0,494.0
480.0,492.0
481.0,493.0
478.0,494.0
478.0,493.0
480.0,494.0
481.0,494.0
479.0,495.0
477.0,495.0
480.0,494.0
481.0,493.0
478.0,494.0
478.0,494.0
483.0,493.0
480.0,495.0
476.0,496.0
479.0,493.0
481.0,493.0
479.0,496.0
476.0,495.0
480.0,493.0
481.0,495.0
479.0,495.0
477.0,493.0
480.0,494.0
480.0,493.0
478.0,493.0
478.0,494.0
479.0,497.0
481.0,494.0
478.0,493.0
477.0,494.0
480.0,493.0
479.0,494.0
477.0,493.0
478.0,493.0
480.0,493.0
480.0,495.0
476.0,494.0
479.0,493.0
482.0,492.0
479.0,494.0
476.0,494.0
478.0,494.0
482.0,495.0
479.0,495.0
477.0,494.0
479.0,494.0
480.0,494.0
478.0,494.0
477.0,493.0
480.0,494.0
480.0,492.0
478.0,490.0
479.0,493.0
479.0,495.0
480.0,492.0
478.0,495.0
478.0,492.0
481.0,493.0
479.0,495.0
475.0,494.0
479.0,494.0
481.0,494.0
482.0,495.0
476.0,495.0
479.0,495.0
482.0,493.0
478.0,495.0
477.0,495.0
480.0,494.0
481.0,494.0
478.0,495.0
476.0,495.0
481.0,496.0
480.0,495.0
477.0,495.0
477.0,494.0
480.0,495.0
479.0,494.0
478.0,496.0
478.0,495.0
480.0,493.0
479.0,496.0
476.0,495.0
478.0,494.0
481.0,493.0
479.0,495.0
477.0,497.0
479.0,493.0
480.0,493.0
478.0,495.0
476.0,496.0
480.0,493.0
481.0,493.0
477.0,496.0
477.0,496.0
479.0,494.0
480.0,494.0
477.0,493.0
478.0,493.0
480.0,496.0
480.0,496.0
478.0,494.0
478.0,493.0
481.0,493.0
480.0,495.0
477.0,495.0
479.0,493.0
481.0,494.0
480.0,494.0
476.0,494.0
479.0,493.0
482.0,492.0
480.0,495.0
477.0,494.0
480.0,495.0
482.0,494.0
479.0,493.0
478.0,493.0
479.0,493.0
481.0,493.0
477.0,496.0
478.0,493.0
480.0,492.0
481.0,493.0
478.0,494.0
478.0,493.0
481.0,495.0
480.0,495.0
478.0,493.0
478.0,493.0
481.0,493.0
481.0,494.0
477.0,495.0
478.0,493.0
481.0,494.0
480.0,492.0
476.0,494.0
479.0,493.0
482.0,493.0
479.0,493.0
477.0,495.0
480.0,494.0
481.0,493.0
477.0,493.0
476.0,494.0
480.0,494.0
480.0,491.0
477.0,493.0
478.0,492.0
480.0,494.0
480.0,495.0
477.0,493.0
478.0,493.0
480.0,493.0
480.0,494.0
477.0,495.0
479.0,494.0
481.0,493.0
479.0,493.0
475.0,492.0
479.0,491.0
481.0,491.0
479.0,493.0
476.0,492.0
479.0,492.0
481.0,493.0
478.0,495.0
476.0,491.0
480.0,493.0
481.0,493.0
477.0,492.0
477.0,491.0
481.0,491.0
480.0,493.0
476.0,492.0
477.0,492.0
480.0,491.0
479.0,492.0
478.0,492.0
478.0,492.0
481.0,491.0
480.0,492.0
477.0,493.0
479.0,492.0
482.0,492.0
479.0,493.0
476.0,493.0
479.0,493.0
481.0,493.0
479.0,493.0
476.0,493.0
479.0,493.0
481.0,493.0
479.0,493.0
477.0,493.0
480.0,493.0
480.0,493.0
478.0,493.0
478.0,493.0
480.0,492.0
480.0,493.0
478.0,493.0
479.0,493.0
482.0,492.0
479.0,493.0
477.0,494.0
479.0,492.0
482.0,493.0
480.0,494.0
476.0,494.0
479.0,493.0
482.0,493.0
479.0,493.0
477.0,495.0
481.0,493.0
483.0,493.0
479.0,492.0
477.0,492.0
480.0,494.0
481.0,493.0
478.0,492.0
479.0,493.0
480.0,494.0
480.0,494.0
478.0,492.0
478.0,492.0
481.0,492.0
480.0,494.0
477.0,492.0
479.0,491.0
481.0,492.0
479.0,494.0
477.0,495.0
479.0,490.0
482.0,491.0
479.0,492.0
476.0,492.0
479.0,491.0
482.0,492.0
479.0,493.0
477.0,496.0
480.0,496.0
482.0,489.0
479.0,490.0
477.0,492.0
480.0,494.0
481.0,490.0
478.0,490.0
479.0,491.0
481.0,491.0
480.0,492.0
478.0,492.0
478.0,492.0
482.0,492.0
480.0,493.0
477.0,492.0
480.0,492.0
482.0,492.0
480.0,493.0
476.0,492.0
479.0,493.0
482.0,494.0
479.0,494.0
477.0,489.0
480.0,491.0
481.0,491.0
479.0,490.0
478.0,491.0
481.0,492.0
481.0,492.0
479.0,491.0
479.0,492.0
481.0,492.0
481.0,492.0
479.0,491.0
479.0,492.0
482.0,492.0
481.0,493.0
478.0,493.0
480.0,494.0
483.0,493.0
481.0,492.0
478.0,492.0
481.0,492.0
484.0,493.0
480.0,493.0
480.0,492.0
482.0,493.0
484.0,493.0
481.0,493.0
480.0,492.0
484.0,494.0
484.0,494.0
480.0,493.0
481.0,493.0
483.0,493.0
484.0,494.0
481.0,494.0
481.0,493.0
485.0,494.0
484.0,496.0
482.0,493.0
482.0,492.0
485.0,493.0
483.0,494.0
480.0,494.0
482.0,492.0
486.0,492.0
483.0,493.0
480.0,493.0
484.0,493.0
486.0,494.0
482.0,493.0
481.0,492.0
484.0,494.0
485.0,494.0
482.0,492.0
482.0,493.0
485.0,494.0
485.0,495.0
481.0,494.0
482.0,495.0
484.0,497.0
484.0,497.0
481.0,496.0
482.0,494.0
485.0,494.0
483.0,495.0
480.0,495.0
483.0,494.0
487.0,494.0
484.0,496.0
480.0,495.0
485.0,494.0
485.0,496.0
482.0,496.0
480.0,496.0
484.0,496.0
485.0,496.0
482.0,495.0
481.0,494.0
484.0,496.0
485.0,496.0
482.0,495.0
482.0,495.0
484.0,495.0
484.0,496.0
481.0,495.0
482.0,494.0
486.0,495.0
484.0,496.0
481.0,495.0
482.0,494.0
485.0,495.0
483.0,496.0
480.0,495.0
483.0,495.0
486.0,495.0
483.0,496.0
480.0,494.0
483.0,495.0
485.0,496.0
481.0,495.0
480.0,494.0
484.0,495.0
484.0,496.0
481.0,494.0
481.0,495.0
484.0,494.0
484.0,494.0
481.0,493.0
482.0,492.0
485.0,493.0
483.0,495.0
481.0,494.0
482.0,493.0
485.0,496.0
483.0,496.0
480.0,495.0
482.0,494.0
486.0,495.0
482.0,495.0
480.0,494.0
483.0,495.0
485.0,496.0
481.0,496.0
480.0,495.0
483.0,496.0
484.0,496.0
481.0,494.0
480.0,494.0
484.0,496.0
483.0,496.0
480.0,495.0
481.0,494.0
484.0,495.0
482.0,496.0
480.0,494.0
481.0,494.0
484.0,494.0
482.0,495.0
480.0,494.0
481.0,494.0
484.0,495.0
481.0,495.0
479.0,494.0
481.0,493.0
485.0,495.0
480.0,495.0
479.0,493.0
482.0,494.0
483.0,495.0
480.0,494.0
479.0,494.0
482.0,495.0
482.0,496.0
480.0,494.0
480.0,493.0
482.0,494.0
482.0,495.0
479.0,494.0
480.0,493.0
482.0,494.0
481.0,495.0
479.0,494.0
480.0,493.0
483.0,494.0
480.0,494.0
478.0,493.0
480.0,493.0
483.0,494.0
480.0,494.0
478.0,492.0
480.0,494.0
482.0,495.0
479.0,493.0
478.0,493.0
480.0,494.0
481.0,494.0
478.0,493.0
481.0,493.0
481.0,493.0
480.0,494.0
478.0,493.0
478.0,492.0
481.0,493.0
480.0,493.0
478.0,493.0
479.0,492.0
481.0,492.0
480.0,493.0
477.0,492.0
479.0,492.0
482.0,493.0
479.0,493.0
477.0,492.0
479.0,492.0
481.0,493.0
479.0,492.0
477.0,491.0
480.0,493.0
480.0,492.0
478.0,492.0
477.0,491.0
479.0,492.0
480.0,492.0
476.0,492.0
477.0,491.0
480.0,492.0
479.0,493.0
477.0,492.0
477.0,490.0
480.0,490.0
479.0,490.0
475.0,489.0
478.0,489.0
480.0,491.0
479.0,491.0
475.0,490.0
479.0,490.0
481.0,492.0
477.0,492.0
476.0,491.0
479.0,491.0
480.0,492.0
477.0,491.0
476.0,491.0
479.0,492.0
479.0,492.0
476.0,491.0
477.0,490.0
479.0,491.0
479.0,492.0
476.0,491.0
477.0,490.0
479.0,491.0
479.0,492.0
476.0,491.0
477.0,490.0
479.0,491.0
479.0,492.0
475.0,491.0
478.0,491.0
480.0,491.0
478.0,491.0
476.0,490.0
479.0,491.0
480.0,492.0
477.0,490.0
474.0,490.0
479.0,491.0
479.0,491.0
477.0,491.0
476.0,490.0
479.0,490.0
479.0,492.0
476.0,490.0
477.0,490.0
479.0,490.0
479.0,490.0
476.0,490.0
477.0,490.0
479.0,490.0
478.0,491.0
475.0,490.0
477.0,490.0
480.0,491.0
478.0,491.0
475.0,490.0
478.0,490.0
480.0,491.0
477.0,490.0
476.0,490.0
479.0,491.0
479.0,491.0
477.0,490.0
476.0,490.0
479.0,491.0
479.0,491.0
476.0,491.0
477.0,490.0
479.0,491.0
479.0,491.0
477.0,490.0
477.0,490.0
479.0,490.0
479.0,492.0
476.0,490.0
478.0,490.0
480.0,491.0
479.0,491.0
475.0,490.0
479.0,489.0
480.0,491.0
478.0,490.0
476.0,490.0
479.0,490.0
480.0,491.0
477.0,490.0
476.0,490.0
479.0,490.0
480.0,491.0
477.0,490.0
477.0,489.0
480.0,490.0
479.0,491.0
477.0,490.0
477.0,490.0
479.0,490.0
479.0,491.0
476.0,490.0
477.0,489.0
480.0,490.0
479.0,491.0
475.0,490.0
478.0,488.0
481.0,489.0
478.0,488.0
476.0,488.0
479.0,489.0
480.0,490.0
478.0,489.0
476.0,489.0
479.0,490.0
480.0,491.0
477.0,490.0
477.0,489.0
479.0,490.0
479.0,492.0
477.0,491.0
477.0,490.0
480.0,491.0
479.0,491.0
477.0,490.0
478.0,490.0
480.0,490.0
479.0,491.0
476.0,490.0
478.0,489.0
481.0,491.0
478.0,491.0
475.0,489.0
479.0,491.0
480.0,491.0
478.0,490.0
476.0,489.0
479.0,491.0
480.0,491.0
477.0,490.0
476.0,489.0
479.0,489.0
479.0,490.0
477.0,490.0
477.0,489.0
480.0,490.0
479.0,490.0
477.0,490.0
478.0,489.0
480.0,490.0
479.0,490.0
476.0,489.0
478.0,488.0
481.0,490.0
479.0,490.0
476.0,489.0
479.0,489.0
481.0,490.0
479.0,488.0
476.0,488.0
479.0,488.0
481.0,488.0
478.0,487.0
477.0,487.0
479.0,487.0
480.0,488.0
477.0,487.0
477.0,486.0
479.0,487.0
479.0,488.0
477.0,487.0
478.0,486.0
480.0,487.0
479.0,488.0
477.0,488.0
479.0,487.0
481.0,489.0
479.0,489.0
475.0,486.0
478.0,486.0
482.0,489.0
478.0,488.0
477.0,486.0
479.0,487.0
481.0,487.0
478.0,486.0
477.0,486.0
479.0,487.0
480.0,488.0
478.0,488.0
478.0,487.0
480.0,487.0
480.0,489.0
478.0,488.0
478.0,486.0
480.0,488.0
479.0,489.0
477.0,488.0
478.0,487.0
481.0,489.0
479.0,489.0
476.0,488.0
479.0,487.0
481.0,489.0
479.0,489.0
477.0,487.0
479.0,489.0
481.0,489.0
479.0,486.0
477.0,485.0
479.0,486.0
481.0,487.0
478.0,487.0
477.0,486.0
480.0,487.0
480.0,488.0
478.0,488.0
478.0,487.0
480.0,489.0
479.0,489.0
477.0,489.0
478.0,488.0
480.0,489.0
479.0,489.0
477.0,489.0
478.0,488.0
481.0,489.0
479.0,489.0
476.0,488.0
479.0,490.0
481.0,490.0
479.0,489.0
477.0,488.0
479.0,490.0
481.0,490.0
478.0,490.0
477.0,489.0
480.0,489.0
480.0,490.0
478.0,490.0
478.0,489.0
480.0,490.0
480.0,491.0
477.0,491.0
478.0,490.0
480.0,489.0
479.0,489.0
477.0,488.0
479.0,489.0
482.0,490.0
479.0,489.0
477.0,488.0
479.0,488.0
481.0,490.0
479.0,488.0
476.0,488.0
479.0,490.0
481.0,490.0
479.0,489.0
477.0,489.0
480.0,489.0
481.0,491.0
478.0,489.0
478.0,489.0
480.0,489.0
480.0,490.0
478.0,490.0
478.0,489.0
480.0,489.0
480.0,490.0
478.0,489.0
479.0,488.0
481.0,490.0
479.0,490.0
477.0,489.0
479.0,489.0
482.0,490.0
479.0,490.0
476.0,489.0
479.0,490.0
481.0,491.0
479.0,489.0
477.0,489.0
479.0,490.0
481.0,490.0
478.0,489.0
477.0,489.0
480.0,490.0
480.0,491.0
478.0,490.0
478.0,488.0
480.0,490.0
479.0,490.0
477.0,490.0
478.0,489.0
480.0,490.0
479.0,490.0
477.0,489.0
479.0,490.0
481.0,490.0
480.0,490.0
476.0,490.0
479.0,490.0
479.0,491.0
478.0,489.0
477.0,489.0
479.0,490.0
480.0,491.0
478.0,490.0
477.0,488.0
479.0,488.0
481.0,488.0
477.0,488.0
478.0,487.0
480.0,489.0
480.0,490.0
478.0,489.0
478.0,489.0
480.0,491.0
479.0,492.0
478.0,490.0
479.0,490.0
481.0,491.0
479.0,491.0
476.0,489.0
479.0,491.0
482.0,491.0
479.0,490.0
477.0,490.0
479.0,491.0
481.0,491.0
479.0,490.0
477.0,490.0
480.0,491.0
481.0,492.0
478.0,491.0
478.0,490.0
480.0,490.0
480.0,491.0
478.0,491.0
478.0,490.0
480.0,491.0
480.0,491.0
478.0,491.0
479.0,490.0
482.0,491.0
479.0,491.0
477.0,490.0
479.0,490.0
482.0,492.0
480.0,491.0
477.0,490.0
479.0,491.0
482.0,492.0
479.0,491.0
477.0,490.0
480.0,490.0
481.0,492.0
478.0,491.0
478.0,490.0
481.0,491.0
481.0,492.0
478.0,491.0
479.0,490.0
480.0,491.0
480.0,491.0
478.0,491.0
479.0,490.0
481.0,491.0
480.0,492.0
477.0,490.0
479.0,490.0
482.0,492.0
480.0,490.0
477.0,490.0
480.0,492.0
482.0,492.0
479.0,491.0
477.0,490.0
480.0,491.0
482.0,492.0
479.0,491.0
478.0,491.0
481.0,491.0
481.0,492.0
479.0,491.0
479.0,490.0
481.0,492.0
480.0,492.0
478.0,492.0
479.0,491.0
481.0,492.0
480.0,493.0
478.0,491.0
479.0,490.0
482.0,492.0
480.0,492.0
477.0,490.0
479.0,492.0
482.0,492.0
479.0,491.0
477.0,490.0
480.0,491.0
482.0,491.0
479.0,491.0
478.0,490.0
480.0,491.0
481.0,492.0
478.0,491.0
478.0,491.0
481.0,492.0
480.0,492.0
478.0,491.0
478.0,490.0
481.0,489.0
480.0,490.0
478.0,489.0
479.0,490.0
481.0,491.0
480.0,491.0
477.0,491.0
479.0,492.0
482.0,492.0
479.0,491.0
477.0,491.0
479.0,492.0
481.0,492.0
479.0,491.0
477.0,491.0
480.0,491.0
481.0,492.0
479.0,492.0
478.0,491.0
480.0,492.0
481.0,492.0
478.0,492.0
478.0,491.0
481.0,491.0
480.0,492.0
478.0,491.0
479.0,490.0
481.0,492.0
480.0,492.0
478.0,491.0
479.0,491.0
482.0,492.0
479.0,492.0
477.0,491.0
479.0,492.0
483.0,492.0
479.0,492.0
477.0,492.0
480.0,492.0
481.0,493.0
479.0,492.0
478.0,491.0
481.0,492.0
481.0,493.0
479.0,492.0
478.0,491.0
481.0,492.0
480.0,493.0
478.0,492.0
479.0,491.0
481.0,492.0
480.0,493.0
478.0,491.0
479.0,492.0
481.0,493.0
479.0,492.0
477.0,492.0
479.0,494.0
482.0,493.0
479.0,491.0
477.0,491.0
480.0,492.0
481.0,493.0
479.0,492.0
478.0,491.0
480.0,491.0
481.0,493.0
479.0,492.0
478.0,491.0
481.0,492.0
481.0,493.0
478.0,492.0
479.0,491.0
481.0,492.0
480.0,492.0
478.0,491.0
479.0,491.0
481.0,492.0
479.0,493.0
478.0,491.0
479.0,493.0
482.0,493.0
479.0,492.0
476.0,491.0
479.0,492.0
481.0,492.0
479.0,491.0
477.0,491.0
480.0,492.0
481.0,493.0
478.0,491.0
478.0,492.0
480.0,492.0
480.0,493.0
478.0,492.0
479.0,491.0
480.0,492.0
480.0,492.0
477.0,492.0
479.0,492.0
480.0,492.0
480.0,492.0
476.0,491.0
479.0,493.0
482.0,493.0
479.0,492.0
476.0,491.0
480.0,493.0
482.0,492.0
479.0,490.0
477.0,489.0
479.0,490.0
482.0,491.0
478.0,491.0
477.0,490.0
480.0,491.0
481.0,492.0
478.0,491.0
478.0,491.0
481.0,492.0
480.0,493.0
478.0,492.0
479.0,492.0
481.0,492.0
480.0,493.0
478.0,492.0
480.0,492.0
482.0,493.0
480.0,492.0
477.0,491.0
479.0,493.0
482.0,493.0
479.0,492.0
477.0,492.0
480.0,492.0
482.0,493.0
479.0,493.0
478.0,492.0
480.0,492.0
481.0,492.0
478.0,492.0
478.0,492.0
481.0,492.0
480.0,493.0
478.0,492.0
478.0,492.0
481.0,493.0
480.0,493.0
478.0,492.0
479.0,491.0
481.0,493.0
480.0,492.0
477.0,493.0
480.0,493.0
482.0,493.0
479.0,493.0
477.0,492.0
479.0,493.0
482.0,493.0
479.0,492.0
477.0,492.0
480.0,493.0
481.0,493.0
479.0,493.0
478.0,491.0
480.0,493.0
481.0,493.0
479.0,493.0
479.0,492.0
481.0,493.0
480.0,493.0
478.0,493.0
479.0,492.0
481.0,494.0
479.0,493.0
477.0,492.0
479.0,493.0
481.0,493.0
479.0,492.0
476.0,491.0
479.0,493.0
482.0,493.0
479.0,492.0
477.0,492.0
480.0,492.0
481.0,493.0
479.0,493.0
478.0,492.0
480.0,493.0
481.0,494.0
478.0,493.0
479.0,492.0
481.0,493.0
480.0,493.0
478.0,493.0
479.0,492.0
481.0,493.0
480.0,493.0
478.0,493.0
479.0,493.0
482.0,494.0
480.0,493.0
477.0,492.0
480.0,493.0
483.0,494.0
479.0,493.0
476.0,492.0
479.0,492.0
481.0,493.0
479.0,493.0
478.0,492.0
480.0,492.0
481.0,494.0
478.0,493.0
478.0,492.0
480.0,492.0
480.0,493.0
478.0,493.0
478.0,492.0
480.0,493.0
480.0,493.0
478.0,492.0
479.0,491.0
482.0,492.0
480.0,489.0
477.0,490.0
479.0,491.0
482.0,492.0
480.0,491.0
477.0,491.0
480.0,493.0
483.0,493.0
479.0,493.0
478.0,492.0
481.0,493.0
482.0,493.0
479.0,493.0
478.0,492.0
481.0,493.0
481.0,494.0
479.0,493.0
478.0,492.0
481.0,493.0
480.0,493.0
478.0,493.0
479.0,493.0
480.0,493.0
480.0,492.0
478.0,493.0
479.0,493.0
482.0,494.0
479.0,492.0
477.0,492.0
479.0,493.0
482.0,493.0
479.0,493.0
477.0,492.0
479.0,493.0
481.0,493.0
479.0,493.0
477.0,492.0
480.0,493.0
481.0,493.0
478.0,493.0
478.0,492.0
480.0,493.0
480.0,493.0
478.0,492.0
479.0,492.0
481.0,493.0
480.0,493.0
478.0,492.0
480.0,493.0
482.0,493.0
480.0,492.0
477.0,492.0
479.0,493.0
482.0,493.0
479.0,492.0
477.0,492.0
480.0,493.0
481.0,493.0
480.0,493.0
478.0,492.0
481.0,493.0
481.0,493.0
479.0,493.0
479.0,492.0
481.0,493.0
481.0,494.0
479.0,493.0
479.0,492.0
481.0,493.0
481.0,493.0
479.0,492.0
479.0,493.0
481.0,493.0
480.0,493.0
477.0,492.0
479.0,493.0
482.0,495.0
480.0,494.0
477.0,493.0
480.0,492.0
482.0,493.0
480.0,492.0
478.0,492.0
480.0,493.0
482.0,494.0
479.0,493.0
478.0,492.0
481.0,493.0
481.0,494.0
478.0,493.0
479.0,493.0
481.0,493.0
480.0,494.0
478.0,493.0
479.0,493.0
481.0,494.0
480.0,493.0
477.0,493.0
479.0,494.0
482.0,494.0
479.0,493.0
477.0,493.0
479.0,494.0
482.0,494.0
479.0,493.0
477.0,493.0
480.0,493.0
481.0,494.0
478.0,494.0
477.0,493.0
479.0,493.0
481.0,495.0
478.0,493.0
478.0,492.0
481.0,492.0
480.0,492.0
478.0,491.0
479.0,492.0
480.0,492.0
480.0,493.0
478.0,493.0
479.0,495.0
482.0,495.0
480.0,493.0
477.0,493.0
480.0,494.0
482.0,494.0
480.0,494.0
477.0,493.0
480.0,494.0
481.0,495.0
479.0,494.0
477.0,494.0
480.0,494.0
481.0,495.0
478.0,494.0
478.0,493.0
480.0,494.0
480.0,495.0
478.0,493.0
478.0,493.0
480.0,494.0
479.0,494.0
477.0,493.0
479.0,493.0
481.0,494.0
480.0,494.0
477.0,493.0
479.0,494.0
482.0,494.0
479.0,492.0
477.0,493.0
479.0,493.0
481.0,495.0
479.0,493.0
479.0,493.0
479.0,493.0
481.0,494.0
478.0,493.0
477.0,493.0
480.0,493.0
480.0,494.0
478.0,493.0
478.0,493.0
480.0,493.0
479.0,494.0
477.0,493.0
479.0,494.0
481.0,494.0
479.0,493.0
478.0,493.0
479.0,494.0
482.0,494.0
480.0,493.0
477.0,493.0
479.0,493.0
482.0,494.0
479.0,494.0
477.0,493.0
480.0,494.0
482.0,494.0
479.0,493.0
478.0,493.0
481.0,493.0
481.0,494.0
479.0,494.0
479.0,493.0
481.0,494.0
481.0,494.0
479.0,493.0
479.0,493.0
481.0,494.0
479.0,493.0
479.0,493.0
479.0,494.0
482.0,494.0
481.0,493.0
477.0,493.0
479.0,493.0
482.0,494.0
479.0,494.0
477.0,493.0
480.0,494.0
482.0,494.0
480.0,494.0
478.0,493.0
481.0,493.0
481.0,494.0
479.0,493.0
478.0,493.0
481.0,493.0
481.0,495.0
479.0,493.0
479.0,493.0
481.0,494.0
481.0,494.0
479.0,493.0
479.0,493.0
482.0,494.0
480.0,493.0
477.0,493.0
479.0,494.0
483.0,494.0
480.0,496.0
478.0,493.0
480.0,493.0
481.0,495.0
479.0,493.0
478.0,493.0
480.0,493.0
481.0,495.0
479.0,494.0
478.0,492.0
481.0,492.0
482.0,492.0
479.0,491.0
479.0,491.0
481.0,493.0
481.0,493.0
478.0,493.0
479.0,493.0
481.0,494.0
480.0,493.0
478.0,492.0
479.0,494.0
482.0,494.0
480.0,493.0
477.0,493.0
479.0,493.0
482.0,494.0
480.0,494.0
478.0,493.0
480.0,493.0
482.0,495.0
479.0,494.0
478.0,493.0
481.0,494.0
481.0,495.0
479.0,494.0
478.0,493.0
480.0,495.0
481.0,495.0
479.0,494.0
479.0,494.0
481.0,495.0
480.0,494.0
478.0,493.0
479.0,495.0
482.0,496.0
480.0,494.0
478.0,494.0
479.0,494.0
482.0,496.0
479.0,494.0
477.0,493.0
480.0,494.0
482.0,495.0
479.0,494.0
477.0,494.0
481.0,494.0
481.0,495.0
479.0,494.0
478.0,494.0
481.0,495.0
481.0,496.0
479.0,494.0
479.0,494.0
481.0,495.0
480.0,494.0
479.0,494.0
479.0,495.0
481.0,496.0
480.0,494.0
478.0,494.0
479.0,495.0
482.0,496.0
480.0,495.0
476.0,493.0
480.0,495.0
482.0,496.0
479.0,495.0
478.0,494.0
480.0,495.0
481.0,496.0
479.0,495.0
478.0,494.0
481.0,495.0
481.0,496.0
479.0,495.0
478.0,494.0
481.0,496.0
481.0,495.0
478.0,494.0
479.0,495.0
481.0,496.0
480.0,495.0
478.0,494.0
479.0,495.0
482.0,496.0
480.0,495.0
477.0,494.0
480.0,495.0
482.0,496.0
479.0,495.0
478.0,494.0
480.0,494.0
481.0,495.0
479.0,495.0
478.0,494.0
480.0,495.0
481.0,495.0
479.0,494.0
478.0,494.0
481.0,495.0
481.0,495.0
478.0,494.0
479.0,495.0
481.0,496.0
480.0,494.0
478.0,494.0
479.0,496.0
482.0,496.0
480.0,494.0
478.0,494.0
479.0,495.0
483.0,497.0
479.0,495.0
477.0,495.0
480.0,494.0
483.0,494.0
480.0,493.0
478.0,493.0
481.0,494.0
482.0,494.0
480.0,494.0
479.0,493.0
482.0,495.0
482.0,496.0
479.0,496.0
479.0,496.0
482.0,496.0
481.0,495.0
479.0,494.0
479.0,496.0
482.0,496.0
481.0,495.0
478.0,495.0
480.0,495.0
483.0,496.0
480.0,495.0
478.0,494.0
481.0,495.0
483.0,496.0
480.0,495.0
478.0,494.0
482.0,495.0
483.0,496.0
479.0,496.0
479.0,494.0
482.0,495.0
482.0,496.0
479.0,495.0
480.0,494.0
482.0,496.0
482.0,495.0
480.0,494.0
480.0,495.0
482.0,496.0
482.0,494.0
479.0,494.0
480.0,495.0
483.0,495.0
481.0,495.0
478.0,495.0
481.0,496.0
484.0,496.0
481.0,495.0
479.0,494.0
482.0,495.0
483.0,496.0
480.0,495.0
479.0,495.0
482.0,495.0
483.0,495.0
480.0,495.0
480.0,494.0
483.0,496.0
483.0,496.0
480.0,495.0
480.0,494.0
483.0,495.0
483.0,495.0
480.0,494.0
481.0,495.0
484.0,496.0
482.0,495.0
479.0,494.0
481.0,495.0
485.0,496.0
481.0,495.0
480.0,494.0
482.0,495.0
484.0,495.0
481.0,495.0
480.0,494.0
483.0,494.0
485.0,495.0
480.0,495.0
480.0,494.0
483.0,495.0
483.0,495.0
480.0,493.0
480.0,494.0
483.0,496.0
483.0,493.0
480.0,494.0
481.0,495.0
484.0,496.0
483.0,493.0
480.0,494.0
482.0,494.0
485.0,495.0
482.0,495.0
479.0,494.0
483.0,494.0
485.0,495.0
481.0,494.0
480.0,494.0
483.0,495.0
484.0,495.0
482.0,494.0
480.0,493.0
484.0,494.0
484.0,495.0
481.0,493.0
481.0,493.0
484.0,495.0
483.0,494.0
480.0,494.0
481.0,495.0
484.0,495.0
483.0,493.0
479.0,493.0
481.0,493.0
486.0,492.0
483.0,492.0
480.0,491.0
483.0,492.0
486.0,494.0
482.0,493.0
480.0,492.0
483.0,493.0
485.0,495.0
481.0,493.0
480.0,493.0
483.0,493.0
484.0,494.0
480.0,493.0
480.0,492.0
483.0,493.0
483.0,493.0
480.0,493.0
481.0,494.0
484.0,494.0
483.0,492.0
480.0,492.0
481.0,493.0
484.0,493.0
482.0,493.0
480.0,493.0
481.0,492.0
484.0,493.0
481.0,492.0
479.0,491.0
482.0,492.0
484.0,494.0
481.0,493.0
480.0,492.0
483.0,492.0
484.0,493.0
480.0,492.0
479.0,492.0
483.0,493.0
483.0,493.0
480.0,491.0
480.0,493.0
483.0,493.0
482.0,492.0
480.0,491.0
481.0,492.0
483.0,493.0
482.0,492.0
480.0,491.0
481.0,492.0
484.0,492.0
481.0,492.0
479.0,491.0
481.0,492.0
484.0,493.0
480.0,492.0
479.0,491.0
482.0,492.0
484.0,493.0
480.0,492.0
480.0,491.0
482.0,492.0
483.0,492.0
480.0,491.0
480.0,492.0
483.0,492.0
482.0,492.0
480.0,491.0
480.0,492.0
483.0,493.0
482.0,492.0
479.0,491.0
481.0,491.0
484.0,492.0
482.0,491.0
479.0,490.0
481.0,491.0
485.0,492.0
480.0,492.0
479.0,490.0
482.0,492.0
483.0,492.0
480.0,491.0
479.0,491.0
482.0,492.0
482.0,492.0
480.0,491.0
480.0,491.0
482.0,492.0
482.0,492.0
480.0,490.0
480.0,491.0
482.0,492.0
481.0,490.0
479.0,490.0
479.0,492.0
483.0,492.0
481.0,491.0
478.0,490.0
484.0,491.0
483.0,491.0
480.0,491.0
478.0,490.0
481.0,491.0
483.0,492.0
480.0,491.0
478.0,489.0
481.0,491.0
482.0,492.0
479.0,491.0
479.0,491.0
481.0,492.0
481.0,492.0
479.0,489.0
479.0,487.0
482.0,486.0
481.0,484.0
479.0,484.0
480.0,485.0
482.0,485.0
480.0,483.0
478.0,483.0
479.0,483.0
482.0,483.0
481.0,482.0
477.0,481.0
480.0,482.0
482.0,482.0
479.0,481.0
478.0,481.0
480.0,481.0
482.0,482.0
479.0,482.0
478.0,481.0
481.0,481.0
481.0,482.0
479.0,481.0
479.0,482.0
481.0,483.0
481.0,482.0
479.0,484.0
479.0,482.0
481.0,483.0
480.0,482.0
478.0,481.0
479.0,482.0
482.0,484.0
480.0,483.0
477.0,482.0
480.0,482.0
482.0,484.0
479.0,483.0
477.0,482.0
480.0,483.0
482.0,484.0
479.0,483.0
478.0,482.0
480.0,484.0
481.0,484.0
479.0,483.0
479.0,484.0
481.0,485.0
481.0,483.0
478.0,484.0
479.0,484.0
481.0,484.0
480.0,483.0
478.0,483.0
479.0,484.0
482.0,485.0
480.0,485.0
477.0,484.0
480.0,485.0
483.0,485.0
479.0,485.0
477.0,484.0
480.0,485.0
482.0,486.0
479.0,485.0
478.0,485.0
480.0,485.0
481.0,486.0
478.0,485.0
478.0,485.0
480.0,486.0
481.0,486.0
479.0,485.0
479.0,487.0
481.0,488.0
480.0,486.0
478.0,485.0
479.0,487.0
481.0,487.0
479.0,487.0
477.0,485.0
479.0,486.0
482.0,487.0
479.0,487.0
477.0,486.0
479.0,487.0
482.0,487.0
479.0,486.0
477.0,486.0
480.0,487.0
481.0,488.0
478.0,486.0
478.0,486.0
480.0,487.0
481.0,487.0
478.0,487.0
478.0,488.0
481.0,488.0
480.0,486.0
478.0,486.0
479.0,487.0
481.0,488.0
480.0,487.0
478.0,487.0
479.0,488.0
482.0,489.0
479.0,488.0
477.0,487.0
479.0,488.0
482.0,489.0
479.0,488.0
477.0,488.0
480.0,488.0
481.0,489.0
478.0,488.0
477.0,488.0
479.0,490.0
481.0,490.0
478.0,488.0
478.0,489.0
480.0,488.0
480.0,486.0
478.0,485.0
479.0,488.0
481.0,489.0
480.0,488.0
478.0,489.0
479.0,488.0
481.0,489.0
479.0,489.0
477.0,488.0
479.0,489.0
482.0,489.0
479.0,489.0
477.0,487.0
479.0,489.0
482.0,490.0
479.0,489.0
477.0,488.0
480.0,490.0
482.0,490.0
478.0,489.0
478.0,489.0
480.0,490.0
480.0,489.0
478.0,489.0
478.0,490.0
480.0,491.0
480.0,489.0
478.0,489.0
479.0,489.0
480.0,490.0
479.0,490.0
477.0,489.0
479.0,490.0
481.0,491.0
479.0,490.0
476.0,489.0
479.0,490.0
482.0,491.0
478.0,489.0
476.0,489.0
480.0,490.0
480.0,491.0
478.0,490.0
477.0,490.0
479.0,491.0
480.0,489.0
478.0,489.0
478.0,491.0
480.0,491.0
479.0,490.0
477.0,489.0
478.0,491.0
480.0,491.0
479.0,490.0
477.0,489.0
477.0,490.0
481.0,491.0
479.0,490.0
476.0,490.0
479.0,490.0
481.0,491.0
478.0,491.0
476.0,490.0
479.0,491.0
481.0,491.0
479.0,490.0
477.0,490.0
479.0,491.0
481.0,491.0
478.0,490.0
478.0,491.0
479.0,492.0
480.0,490.0
477.0,490.0
478.0,492.0
479.0,491.0
479.0,491.0
477.0,490.0
478.0,490.0
481.0,491.0
479.0,491.0
477.0,490.0
479.0,490.0
482.0,491.0
479.0,491.0
475.0,490.0
479.0,491.0
481.0,492.0
478.0,491.0
476.0,490.0
479.0,491.0
480.0,492.0
477.0,490.0
477.0,491.0
479.0,492.0
480.0,491.0
477.0,490.0
478.0,492.0
480.0,491.0
479.0,491.0
477.0,490.0
478.0,490.0
480.0,492.0
479.0,491.0
476.0,490.0
478.0,491.0
480.0,492.0
479.0,491.0
476.0,490.0
479.0,491.0
481.0,492.0
478.0,491.0
476.0,490.0
479.0,491.0
481.0,492.0
477.0,491.0
476.0,492.0
479.0,493.0
479.0,492.0
477.0,491.0
477.0,490.0
479.0,490.0
479.0,489.0
477.0,489.0
478.0,490.0
479.0,491.0
479.0,490.0
476.0,490.0
478.0,491.0
480.0,492.0
479.0,491.0
476.0,491.0
478.0,491.0
480.0,492.0
478.0,491.0
476.0,490.0
479.0,492.0
480.0,492.0
477.0,491.0
476.0,491.0
480.0,492.0
479.0,492.0
477.0,491.0
477.0,492.0
479.0,492.0
479.0,491.0
477.0,491.0
477.0,492.0
480.0,492.0
479.0,492.0
477.0,491.0
478.0,492.0
480.0,493.0
479.0,492.0
476.0,490.0
479.0,492.0
481.0,492.0
479.0,490.0
476.0,491.0
479.0,491.0
481.0,492.0
478.0,492.0
477.0,491.0
479.0,493.0
480.0,492.0
477.0,490.0
477.0,492.0
479.0,492.0
480.0,491.0
477.0,491.0
477.0,492.0
480.0,493.0
479.0,492.0
477.0,490.0
478.0,491.0
480.0,493.0
479.0,491.0
477.0,491.0
478.0,492.0
481.0,493.0
479.0,492.0
476.0,491.0
479.0,491.0
481.0,492.0
478.0,491.0
476.0,491.0
479.0,492.0
480.0,492.0
478.0,491.0
477.0,491.0
479.0,492.0
480.0,491.0
478.0,491.0
478.0,491.0
