483.0,496.0
483.0,496.0
482.0,497.0
482.0,497.0
482.0,497.0
483.0,497.0
482.0,497.0
482.0,497.0
482.0,497.0
482.0,497.0
482.0,497.0
481.0,497.0
481.0,497.0
480.0,497.0
482.0,497.0
485.0,496.0
482.0,497.0
480.0,497.0
481.0,496.0
484.0,497.0
482.0,497.0
480.0,497.0
482.0,496.0
484.0,496.0
482.0,496.0
481.0,497.0
483.0,496.0
484.0,497.0
481.0,496.0
480.0,497.0
483.0,496.0
483.0,496.0
480.0,496.0
481.0,496.0
484.0,496.0
482.0,497.0
480.0,497.0
481.0,496.0
483.0,497.0
482.0,497.0
480.0,496.0
481.0,496.0
484.0,497.0
482.0,496.0
480.0,496.0
482.0,495.0
484.0,495.0
481.0,496.0
480.0,497.0
482.0,496.0
484.0,496.0
481.0,496.0
480.0,496.0
483.0,496.0
483.0,496.0
480.0,496.0
481.0,496.0
483.0,496.0
482.0,496.0
480.0,496.0
481.0,496.0
484.0,496.0
483.0,497.0
480.0,497.0
481.0,495.0
484.0,496.0
482.0,497.0
480.0,497.0
482.0,495.0
484.0,496.0
482.0,496.0
480.0,497.0
482.0,496.0
484.0,496.0
482.0,496.0
480.0,496.0
482.0,496.0
483.0,496.0
480.0,496.0
480.0,495.0
483.0,496.0
483.0,496.0
480.0,496.0
480.0,496.0
483.0,496.0
482.0,496.0
480.0,496.0
481.0,496.0
484.0,497.0
482.0,496.0
480.0,496.0
482.0,495.0
484.0,496.0
482.0,496.0
479.0,496.0
482.0,496.0
484.0,496.0
481.0,496.0
480.0,496.0
482.0,496.0
484.0,496.0
481.0,496.0
480.0,497.0
483.0,496.0
483.0,496.0
480.0,496.0
480.0,496.0
483.0,496.0
483.0,497.0
480.0,496.0
481.0,496.0
484.0,496.0
482.0,496.0
480.0,496.0
481.0,496.0
484.0,496.0
482.0,496.0
480.0,496.0
482.0,496.0
484.0,496.0
482.0,496.0
480.0,496.0
482.0,496.0
483.0,496.0
481.0,496.0
480.0,496.0
482.0,496.0
483.0,496.0
480.0,496.0
480.0,496.0
483.0,496.0
483.0,496.0
480.0,496.0
480.0,495.0
483.0,496.0
482.0,496.0
480.0,497.0
481.0,495.0
483.0,496.0
482.0,497.0
480.0,496.0
481.0,496.0
484.0,496.0
482.0,496.0
480.0,497.0
482.0,496.0
483.0,496.0
481.0,496.0
480.0,497.0
482.0,495.0
483.0,496.0
480.0,496.0
480.0,496.0
483.0,496.0
483.0,496.0
480.0,496.0
480.0,496.0
483.0,496.0
483.0,496.0
480.0,496.0
481.0,495.0
483.0,496.0
482.0,496.0
480.0,496.0
481.0,495.0
483.0,496.0
481.0,496.0
479.0,497.0
482.0,496.0
484.0,496.0
481.0,496.0
479.0,496.0
482.0,495.0
483.0,496.0
481.0,495.0
480.0,494.0
482.0,495.0
483.0,496.0
479.0,496.0
480.0,495.0
483.0,495.0
483.0,496.0
480.0,496.0
480.0,495.0
483.0,496.0
482.0,496.0
480.0,496.0
481.0,496.0
484.0,496.0
482.0,496.0
480.0,496.0
482.0,496.0
484.0,496.0
482.0,496.0
480.0,497.0
482.0,495.0
484.0,496.0
481.0,496.0
480.0,496.0
482.0,496.0
483.0,496.0
481.0,496.0
480.0,496.0
483.0,496.0
483.0,496.0
480.0,497.0
480.0,495.0
482.0,496.0
482.0,496.0
479.0,496.0
480.0,495.0
483.0,496.0
482.0,496.0
480.0,496.0
481.0,496.0
483.0,496.0
481.0,496.0
480.0,496.0
482.0,496.0
483.0,496.0
481.0,496.0
480.0,496.0
482.0,496.0
483.0,496.0
481.0,496.0
480.0,495.0
483.0,496.0
483.0,496.0
480.0,496.0
480.0,496.0
483.0,496.0
482.0,496.0
480.0,496.0
480.0,495.0
483.0,496.0
482.0,496.0
479.0,496.0
481.0,495.0
483.0,496.0
484.0,496.0
480.0,496.0
481.0,496.0
484.0,496.0
481.0,496.0
480.0,495.0
481.0,496.0
483.0,496.0
481.0,496.0
480.0,495.0
482.0,496.0
483.0,496.0
480.0,496.0
480.0,495.0
483.0,496.0
482.0,496.0
480.0,496.0
480.0,495.0
483.0,496.0
482.0,496.0
479.0,496.0
480.0,496.0
483.0,495.0
482.0,496.0
479.0,496.0
481.0,496.0
483.0,496.0
480.0,496.0
479.0,497.0
481.0,496.0
484.0,496.0
480.0,496.0
479.0,496.0
482.0,496.0
483.0,496.0
480.0,496.0
480.0,496.0
482.0,496.0
483.0,496.0
480.0,496.0
480.0,495.0
483.0,496.0
483.0,496.0
480.0,496.0
480.0,496.0
483.0,496.0
482.0,496.0
480.0,496.0
480.0,496.0
484.0,496.0
481.0,496.0
479.0,496.0
481.0,496.0
483.0,496.0
481.0,496.0
479.0,496.0
481.0,496.0
483.0,496.0
481.0,496.0
480.0,496.0
481.0,496.0
483.0,496.0
480.0,495.0
480.0,494.0
483.0,495.0
482.0,496.0
480.0,496.0
480.0,496.0
483.0,496.0
482.0,496.0
480.0,496.0
480.0,496.0
483.0,496.0
482.0,496.0
480.0,496.0
481.0,496.0
484.0,496.0
480.0,496.0
479.0,496.0
481.0,496.0
483.0,496.0
481.0,496.0
479.0,496.0
482.0,496.0
483.0,496.0
481.0,496.0
479.0,496.0
482.0,496.0
483.0,497.0
480.0,496.0
480.0,496.0
483.0,496.0
482.0,496.0
480.0,496.0
480.0,496.0
483.0,496.0
481.0,497.0
479.0,496.0
480.0,496.0
483.0,496.0
481.0,496.0
479.0,496.0
481.0,496.0
484.0,496.0
481.0,496.0
479.0,496.0
482.0,496.0
483.0,496.0
481.0,496.0
480.0,495.0
482.0,496.0
483.0,497.0
480.0,496.0
480.0,495.0
483.0,496.0
483.0,496.0
480.0,496.0
480.0,496.0
483.0,496.0
482.0,496.0
479.0,497.0
481.0,496.0
483.0,496.0
481.0,496.0
479.0,496.0
482.0,496.0
483.0,496.0
481.0,496.0
479.0,496.0
481.0,496.0
483.0,496.0
481.0,496.0
479.0,496.0
481.0,496.0
482.0,496.0
481.0,496.0
479.0,496.0
482.0,496.0
482.0,496.0
480.0,496.0
480.0,496.0
483.0,496.0
482.0,496.0
480.0,496.0
480.0,496.0
483.0,496.0
482.0,496.0
480.0,496.0
481.0,496.0
483.0,496.0
481.0,496.0
479.0,495.0
481.0,496.0
483.0,496.0
482.0,496.0
480.0,496.0
482.0,496.0
483.0,496.0
481.0,496.0
480.0,495.0
482.0,496.0
483.0,496.0
480.0,496.0
480.0,496.0
483.0,496.0
482.0,496.0
480.0,496.0
480.0,496.0
483.0,496.0
483.0,496.0
479.0,497.0
480.0,496.0
484.0,496.0
481.0,496.0
479.0,496.0
481.0,496.0
483.0,496.0
481.0,496.0
479.0,496.0
481.0,496.0
483.0,497.0
481.0,496.0
479.0,495.0
482.0,495.0
483.0,495.0
481.0,495.0
480.0,494.0
482.0,496.0
482.0,496.0
480.0,497.0
480.0,496.0
483.0,496.0
482.0,496.0
480.0,497.0
480.0,496.0
483.0,496.0
482.0,496.0
479.0,496.0
481.0,496.0
483.0,497.0
482.0,496.0
479.0,496.0
481.0,496.0
483.0,496.0
480.0,496.0
479.0,496.0
481.0,496.0
483.0,497.0
480.0,496.0
479.0,496.0
481.0,496.0
482.0,496.0
478.0,496.0
480.0,496.0
483.0,495.0
482.0,496.0
479.0,497.0
480.0,496.0
482.0,496.0
481.0,496.0
478.0,495.0
480.0,496.0
483.0,496.0
482.0,496.0
479.0,495.0
481.0,496.0
484.0,496.0
481.0,496.0
478.0,496.0
481.0,497.0
483.0,496.0
480.0,496.0
479.0,496.0
481.0,496.0
483.0,496.0
480.0,496.0
479.0,495.0
482.0,496.0
482.0,496.0
479.0,496.0
480.0,496.0
482.0,496.0
481.0,496.0
479.0,496.0
480.0,496.0
483.0,496.0
482.0,496.0
479.0,496.0
480.0,496.0
483.0,496.0
481.0,496.0
479.0,495.0
481.0,496.0
483.0,496.0
481.0,496.0
479.0,495.0
483.0,496.0
483.0,496.0
480.0,496.0
479.0,496.0
481.0,495.0
483.0,496.0
480.0,497.0
479.0,496.0
482.0,496.0
482.0,496.0
479.0,497.0
479.0,496.0
482.0,496.0
482.0,496.0
479.0,496.0
480.0,496.0
483.0,496.0
481.0,496.0
479.0,496.0
482.0,496.0
484.0,496.0
481.0,496.0
479.0,495.0
482.0,496.0
483.0,496.0
480.0,496.0
479.0,495.0
481.0,496.0
482.0,496.0
480.0,496.0
479.0,496.0
482.0,496.0
482.0,496.0
479.0,496.0
480.0,496.0
482.0,496.0
481.0,496.0
479.0,495.0
480.0,496.0
483.0,496.0
481.0,496.0
479.0,495.0
480.0,496.0
483.0,497.0
481.0,496.0
479.0,495.0
481.0,496.0
483.0,496.0
480.0,496.0
479.0,496.0
481.0,496.0
483.0,496.0
480.0,496.0
479.0,496.0
482.0,495.0
482.0,495.0
479.0,494.0
479.0,495.0
482.0,495.0
482.0,496.0
479.0,495.0
480.0,495.0
483.0,496.0
481.0,496.0
479.0,495.0
480.0,496.0
483.0,496.0
481.0,496.0
479.0,495.0
481.0,496.0
483.0,496.0
480.0,496.0
479.0,496.0
481.0,496.0
482.0,496.0
481.0,496.0
479.0,496.0
482.0,496.0
482.0,496.0
480.0,497.0
479.0,496.0
482.0,496.0
482.0,496.0
480.0,496.0
480.0,496.0
482.0,496.0
481.0,496.0
479.0,496.0
479.0,496.0
482.0,496.0
481.0,496.0
478.0,496.0
480.0,496.0
483.0,496.0
480.0,496.0
479.0,495.0
481.0,496.0
483.0,496.0
481.0,496.0
479.0,496.0
482.0,496.0
482.0,496.0
480.0,496.0
479.0,499.0
482.0,496.0
482.0,496.0
480.0,497.0
480.0,495.0
482.0,496.0
482.0,496.0
479.0,496.0
480.0,496.0
482.0,496.0
482.0,496.0
479.0,495.0
480.0,496.0
483.0,496.0
481.0,496.0
479.0,496.0
481.0,496.0
483.0,496.0
481.0,496.0
479.0,496.0
481.0,492.0
483.0,496.0
480.0,497.0
479.0,497.0
481.0,496.0
483.0,496.0
480.0,496.0
480.0,496.0
482.0,496.0
483.0,496.0
480.0,495.0
480.0,496.0
483.0,496.0
482.0,496.0
480.0,496.0
480.0,496.0
483.0,496.0
482.0,496.0
479.0,496.0
481.0,496.0
483.0,496.0
481.0,496.0
479.0,495.0
481.0,496.0
483.0,496.0
481.0,496.0
480.0,495.0
481.0,495.0
483.0,496.0
481.0,496.0
480.0,495.0
482.0,497.0
483.0,496.0
480.0,496.0
480.0,496.0
482.0,496.0
482.0,496.0
480.0,496.0
480.0,496.0
483.0,496.0
482.0,496.0
480.0,495.0
480.0,496.0
483.0,496.0
482.0,496.0
479.0,495.0
482.0,496.0
484.0,496.0
481.0,496.0
479.0,496.0
481.0,496.0
482.0,496.0
480.0,496.0
479.0,495.0
482.0,496.0
483.0,496.0
480.0,495.0
480.0,496.0
482.0,495.0
483.0,495.0
480.0,494.0
480.0,495.0
483.0,496.0
482.0,495.0
479.0,495.0
480.0,496.0
483.0,496.0
481.0,496.0
479.0,495.0
481.0,496.0
483.0,496.0
481.0,496.0
479.0,495.0
481.0,495.0
483.0,496.0
481.0,495.0
479.0,495.0
481.0,496.0
483.0,496.0
481.0,495.0
479.0,495.0
483.0,496.0
482.0,496.0
480.0,495.0
480.0,496.0
483.0,496.0
482.0,496.0
480.0,495.0
480.0,496.0
483.0,496.0
481.0,496.0
479.0,495.0
480.0,496.0
483.0,496.0
481.0,496.0
479.0,495.0
481.0,495.0
483.0,496.0
481.0,496.0
479.0,495.0
481.0,496.0
483.0,496.0
481.0,496.0
480.0,496.0
482.0,496.0
483.0,496.0
480.0,495.0
480.0,496.0
483.0,496.0
483.0,496.0
480.0,495.0
480.0,495.0
483.0,496.0
482.0,496.0
479.0,495.0
482.0,496.0
483.0,496.0
482.0,496.0
479.0,495.0
481.0,496.0
484.0,496.0
482.0,496.0
479.0,495.0
481.0,496.0
483.0,496.0
481.0,495.0
480.0,496.0
481.0,496.0
483.0,496.0
481.0,496.0
480.0,496.0
482.0,496.0
483.0,496.0
480.0,495.0
480.0,496.0
483.0,496.0
482.0,496.0
479.0,495.0
480.0,496.0
483.0,496.0
482.0,496.0
480.0,495.0
481.0,496.0
483.0,497.0
481.0,496.0
479.0,495.0
482.0,496.0
484.0,496.0
481.0,496.0
479.0,495.0
482.0,496.0
483.0,496.0
481.0,495.0
479.0,496.0
482.0,496.0
483.0,496.0
480.0,496.0
479.0,496.0
482.0,496.0
482.0,496.0
480.0,495.0
480.0,496.0
483.0,496.0
482.0,496.0
480.0,496.0
480.0,496.0
483.0,496.0
482.0,496.0
479.0,496.0
481.0,495.0
483.0,496.0
480.0,496.0
479.0,496.0
481.0,496.0
483.0,496.0
481.0,496.0
479.0,495.0
481.0,497.0
483.0,496.0
480.0,496.0
480.0,496.0
482.0,497.0
482.0,496.0
480.0,495.0
480.0,495.0
483.0,495.0
482.0,495.0
480.0,494.0
480.0,495.0
483.0,496.0
482.0,496.0
479.0,496.0
481.0,496.0
484.0,496.0
481.0,497.0
479.0,496.0
482.0,496.0
484.0,496.0
481.0,495.0
479.0,496.0
482.0,496.0
483.0,496.0
481.0,496.0
479.0,496.0
482.0,496.0
482.0,497.0
480.0,496.0
480.0,496.0
483.0,497.0
483.0,496.0
480.0,495.0
480.0,496.0
483.0,496.0
482.0,496.0
480.0,495.0
481.0,496.0
484.0,496.0
481.0,496.0
479.0,496.0
481.0,496.0
483.0,496.0
481.0,496.0
479.0,496.0
481.0,496.0
483.0,496.0
481.0,496.0
480.0,496.0
482.0,496.0
483.0,496.0
481.0,495.0
480.0,496.0
483.0,499.0
483.0,496.0
480.0,495.0
480.0,496.0
483.0,496.0
482.0,496.0
480.0,496.0
480.0,496.0
483.0,496.0
482.0,496.0
479.0,496.0
481.0,496.0
484.0,496.0
482.0,496.0
479.0,495.0
481.0,496.0
483.0,496.0
481.0,495.0
480.0,496.0
482.0,496.0
483.0,496.0
481.0,495.0
480.0,496.0
482.0,496.0
483.0,496.0
480.0,495.0
480.0,496.0
483.0,496.0
482.0,496.0
480.0,496.0
480.0,496.0
483.0,496.0
482.0,496.0
479.0,496.0
481.0,496.0
484.0,496.0
481.0,497.0
479.0,496.0
481.0,496.0
484.0,496.0
480.0,496.0
480.0,496.0
482.0,496.0
483.0,496.0
481.0,495.0
479.0,496.0
482.0,496.0
483.0,496.0
480.0,495.0
480.0,496.0
483.0,496.0
483.0,496.0
480.0,496.0
480.0,496.0
483.0,496.0
483.0,496.0
480.0,496.0
481.0,496.0
483.0,496.0
482.0,496.0
480.0,496.0
481.0,496.0
484.0,496.0
481.0,496.0
480.0,496.0
482.0,496.0
484.0,496.0
481.0,495.0
480.0,496.0
482.0,497.0
483.0,496.0
481.0,496.0
479.0,496.0
482.0,496.0
483.0,496.0
477.0,496.0
480.0,496.0
483.0,495.0
482.0,495.0
480.0,495.0
480.0,495.0
483.0,496.0
482.0,497.0
479.0,496.0
480.0,496.0
484.0,497.0
481.0,496.0
479.0,496.0
481.0,496.0
484.0,496.0
481.0,496.0
479.0,496.0
482.0,496.0
483.0,496.0
481.0,495.0
479.0,496.0
482.0,496.0
483.0,496.0
480.0,496.0
480.0,496.0
482.0,496.0
483.0,496.0
480.0,492.0
480.0,496.0
483.0,496.0
482.0,496.0
479.0,496.0
480.0,496.0
484.0,496.0
481.0,496.0
478.0,496.0
481.0,496.0
483.0,496.0
481.0,496.0
479.0,496.0
481.0,496.0
483.0,496.0
480.0,495.0
480.0,496.0
482.0,497.0
483.0,496.0
481.0,495.0
480.0,496.0
482.0,496.0
483.0,496.0
481.0,494.0
480.0,496.0
483.0,496.0
482.0,496.0
480.0,495.0
481.0,496.0
483.0,496.0
482.0,496.0
480.0,496.0
481.0,496.0
484.0,496.0
481.0,495.0
479.0,496.0
481.0,496.0
484.0,496.0
482.0,495.0
480.0,496.0
482.0,496.0
483.0,496.0
481.0,495.0
480.0,496.0
482.0,496.0
483.0,496.0
480.0,495.0
480.0,496.0
483.0,496.0
483.0,497.0
480.0,496.0
480.0,496.0
483.0,496.0
482.0,496.0
480.0,496.0
481.0,496.0
483.0,496.0
482.0,496.0
480.0,496.0
482.0,497.0
483.0,496.0
481.0,495.0
480.0,496.0
481.0,496.0
484.0,496.0
482.0,495.0
480.0,496.0
481.0,496.0
483.0,496.0
481.0,495.0
480.0,496.0
482.0,496.0
483.0,496.0
480.0,496.0
480.0,495.0
483.0,496.0
483.0,496.0
480.0,496.0
481.0,495.0
483.0,496.0
482.0,495.0
480.0,496.0
481.0,496.0
484.0,496.0
481.0,495.0
480.0,496.0
481.0,496.0
484.0,496.0
481.0,495.0
480.0,496.0
481.0,496.0
484.0,497.0
481.0,496.0
480.0,496.0
482.0,496.0
484.0,495.0
480.0,495.0
480.0,495.0
483.0,496.0
482.0,496.0
480.0,495.0
481.0,497.0
483.0,496.0
482.0,496.0
480.0,496.0
481.0,496.0
483.0,496.0
482.0,495.0
479.0,496.0
481.0,496.0
484.0,497.0
481.0,495.0
479.0,496.0
482.0,497.0
483.0,496.0
481.0,495.0
479.0,496.0
482.0,496.0
483.0,496.0
480.0,495.0
480.0,496.0
483.0,496.0
483.0,496.0
480.0,495.0
480.0,497.0
483.0,496.0
482.0,496.0
480.0,496.0
480.0,496.0
483.0,496.0
481.0,496.0
479.0,496.0
480.0,497.0
483.0,496.0
481.0,496.0
479.0,496.0
482.0,496.0
484.0,496.0
481.0,500.0
480.0,500.0
482.0,500.0
483.0,499.0
481.0,495.0
480.0,495.0
482.0,508.0
483.0,497.0
480.0,487.0
480.0,490.0
483.0,494.0
483.0,496.0
479.0,506.0
480.0,505.0
483.0,500.0
482.0,499.0
480.0,505.0
481.0,502.0
486.0,516.0
482.0,513.0
480.0,488.0
481.0,483.0
484.0,497.0
481.0,497.0
479.0,491.0
482.0,489.0
483.0,490.0
482.0,492.0
480.0,503.0
482.0,505.0
483.0,497.0
480.0,496.0
484.0,496.0
490.0,510.0
484.0,500.0
479.0,496.0
485.0,509.0
492.0,513.0
487.0,523.0
483.0,497.0
479.0,485.0
481.0,495.0
482.0,498.0
482.0,492.0
477.0,492.0
480.0,505.0
482.0,510.0
487.0,501.0
495.0,496.0
505.0,502.0
485.0,505.0
470.0,486.0
474.0,482.0
480.0,509.0
485.0,505.0
483.0,485.0
480.0,489.0
477.0,492.0
483.0,491.0
500.0,494.0
496.0,495.0
478.0,495.0
471.0,495.0
476.0,496.0
497.0,496.0
491.0,496.0
472.0,495.0
471.0,496.0
494.0,495.0
489.0,494.0
471.0,495.0
483.0,496.0
505.0,501.0
489.0,496.0
480.0,494.0
498.0,495.0
493.0,497.0
484.0,494.0
488.0,493.0
482.0,492.0
481.0,494.0
473.0,497.0
472.0,497.0
482.0,492.0
487.0,492.0
477.0,495.0
470.0,498.0
481.0,497.0
493.0,496.0
478.0,493.0
470.0,498.0
478.0,497.0
480.0,494.0
478.0,495.0
478.0,497.0
481.0,494.0
479.0,495.0
477.0,494.0
480.0,496.0
483.0,496.0
478.0,498.0
477.0,496.0
480.0,496.0
481.0,494.0
478.0,495.0
477.0,496.0
481.0,495.0
482.0,495.0
485.0,496.0
479.0,494.0
476.0,496.0
479.0,494.0
475.0,494.0
474.0,495.0
491.0,496.0
479.0,494.0
470.0,495.0
479.0,497.0
479.0,496.0
475.0,495.0
477.0,496.0
481.0,496.0
486.0,496.0
473.0,495.0
472.0,496.0
478.0,497.0
478.0,495.0
480.0,495.0
474.0,495.0
476.0,499.0
480.0,496.0
481.0,493.0
471.0,496.0
476.0,494.0
481.0,495.0
479.0,495.0
475.0,498.0
481.0,497.0
480.0,494.0
474.0,497.0
477.0,496.0
481.0,496.0
481.0,497.0
475.0,493.0
479.0,495.0
481.0,494.0
477.0,499.0
476.0,495.0
480.0,496.0
480.0,496.0
477.0,496.0
475.0,496.0
479.0,496.0
480.0,496.0
479.0,495.0
477.0,496.0
477.0,496.0
480.0,496.0
477.0,496.0
478.0,497.0
479.0,495.0
485.0,495.0
481.0,495.0
473.0,496.0
477.0,496.0
482.0,494.0
475.0,496.0
475.0,498.0
481.0,495.0
478.0,493.0
474.0,495.0
480.0,495.0
480.0,496.0
476.0,495.0
476.0,497.0
479.0,496.0
481.0,495.0
480.0,496.0
477.0,496.0
481.0,496.0
481.0,495.0
475.0,495.0
480.0,495.0
481.0,496.0
480.0,496.0
475.0,496.0
477.0,496.0
481.0,495.0
480.0,495.0
478.0,496.0
478.0,497.0
479.0,495.0
478.0,494.0
477.0,495.0
479.0,495.0
480.0,496.0
478.0,494.0
476.0,496.0
480.0,496.0
481.0,495.0
479.0,495.0
477.0,495.0
481.0,495.0
482.0,494.0
476.0,496.0
474.0,495.0
480.0,495.0
482.0,495.0
476.0,496.0
476.0,496.0
481.0,495.0
481.0,498.0
477.0,496.0
479.0,495.0
481.0,496.0
480.0,496.0
477.0,495.0
481.0,496.0
480.0,495.0
478.0,496.0
477.0,494.0
481.0,494.0
481.0,497.0
478.0,496.0
477.0,493.0
481.0,495.0
480.0,495.0
477.0,496.0
481.0,495.0
481.0,496.0
477.0,496.0
476.0,494.0
478.0,496.0
484.0,496.0
480.0,493.0
474.0,495.0
478.0,496.0
481.0,496.0
480.0,497.0
476.0,495.0
477.0,495.0
482.0,495.0
481.0,495.0
476.0,497.0
480.0,494.0
481.0,495.0
481.0,495.0
480.0,495.0
479.0,495.0
481.0,496.0
484.0,495.0
478.0,496.0
478.0,495.0
483.0,495.0
479.0,495.0
475.0,496.0
479.0,495.0
482.0,495.0
479.0,496.0
476.0,496.0
481.0,496.0
480.0,493.0
478.0,495.0
480.0,495.0
481.0,495.0
480.0,495.0
479.0,496.0
480.0,495.0
481.0,495.0
479.0,495.0
478.0,496.0
482.0,495.0
481.0,495.0
480.0,494.0
478.0,495.0
481.0,495.0
482.0,495.0
479.0,497.0
477.0,495.0
481.0,495.0
485.0,495.0
480.0,493.0
477.0,495.0
481.0,495.0
480.0,495.0
479.0,495.0
481.0,495.0
481.0,494.0
481.0,495.0
478.0,496.0
479.0,495.0
483.0,494.0
479.0,493.0
478.0,496.0
479.0,494.0
483.0,495.0
481.0,495.0
477.0,496.0
480.0,493.0
482.0,493.0
479.0,495.0
479.0,494.0
481.0,495.0
482.0,496.0
480.0,493.0
475.0,493.0
480.0,492.0
481.0,493.0
478.0,497.0
478.0,495.0
482.0,492.0
481.0,494.0
478.0,494.0
480.0,495.0
482.0,496.0
484.0,496.0
479.0,493.0
479.0,493.0
480.0,494.0
482.0,494.0
476.0,494.0
481.0,495.0
481.0,495.0
479.0,494.0
477.0,494.0
481.0,495.0
482.0,497.0
479.0,495.0
479.0,495.0
481.0,495.0
481.0,493.0
478.0,494.0
478.0,496.0
481.0,495.0
483.0,496.0
485.0,494.0
480.0,495.0
478.0,496.0
479.0,493.0
477.0,494.0
476.0,496.0
481.0,495.0
478.0,494.0
477.0,496.0
479.0,498.0
481.0,493.0
479.0,493.0
478.0,494.0
479.0,496.0
482.0,496.0
480.0,495.0
477.0,494.0
480.0,494.0
482.0,494.0
480.0,496.0
477.0,496.0
482.0,495.0
484.0,492.0
476.0,494.0
479.0,496.0
480.0,495.0
480.0,495.0
478.0,493.0
479.0,496.0
481.0,496.0
480.0,495.0
478.0,496.0
480.0,496.0
486.0,496.0
479.0,496.0
479.0,496.0
480.0,495.0
480.0,495.0
477.0,495.0
478.0,495.0
482.0,496.0
481.0,496.0
478.0,493.0
477.0,496.0
480.0,494.0
481.0,495.0
479.0,496.0
478.0,496.0
481.0,496.0
480.0,494.0
478.0,494.0
478.0,499.0
483.0,496.0
481.0,494.0
478.0,495.0
478.0,498.0
482.0,495.0
480.0,495.0
478.0,495.0
479.0,496.0
481.0,495.0
479.0,495.0
478.0,496.0
480.0,496.0
481.0,496.0
479.0,496.0
478.0,498.0
480.0,495.0
481.0,494.0
478.0,495.0
477.0,496.0
481.0,499.0
480.0,496.0
482.0,495.0
481.0,495.0
477.0,497.0
480.0,498.0
477.0,496.0
475.0,496.0
481.0,496.0
478.0,495.0
475.0,496.0
477.0,496.0
480.0,495.0
478.0,495.0
476.0,496.0
479.0,498.0
481.0,495.0
477.0,496.0
477.0,497.0
479.0,496.0
481.0,495.0
476.0,498.0
476.0,497.0
481.0,496.0
481.0,495.0
480.0,498.0
475.0,498.0
477.0,497.0
478.0,496.0
472.0,496.0
477.0,497.0
480.0,498.0
479.0,496.0
476.0,501.0
478.0,496.0
480.0,496.0
478.0,498.0
476.0,496.0
480.0,496.0
481.0,496.0
475.0,497.0
476.0,498.0
478.0,496.0
481.0,496.0
476.0,496.0
475.0,499.0
479.0,497.0
479.0,495.0
476.0,496.0
477.0,498.0
478.0,496.0
481.0,496.0
476.0,496.0
474.0,501.0
479.0,496.0
480.0,496.0
474.0,496.0
474.0,496.0
479.0,496.0
477.0,497.0
474.0,497.0
477.0,496.0
478.0,495.0
477.0,496.0
475.0,498.0
477.0,496.0
480.0,496.0
477.0,496.0
474.0,497.0
477.0,497.0
477.0,495.0
474.0,496.0
474.0,495.0
478.0,499.0
478.0,495.0
475.0,496.0
476.0,496.0
478.0,495.0
477.0,495.0
474.0,496.0
475.0,497.0
479.0,496.0
477.0,496.0
475.0,496.0
476.0,498.0
478.0,496.0
478.0,496.0
474.0,499.0
477.0,497.0
480.0,493.0
476.0,495.0
478.0,497.0
478.0,496.0
478.0,498.0
476.0,496.0
474.0,497.0
479.0,496.0
478.0,496.0
475.0,498.0
478.0,497.0
478.0,497.0
477.0,496.0
474.0,497.0
476.0,499.0
478.0,499.0
478.0,495.0
475.0,496.0
476.0,497.0
480.0,498.0
477.0,496.0
474.0,496.0
478.0,496.0
479.0,497.0
478.0,497.0
475.0,496.0
477.0,496.0
479.0,496.0
477.0,497.0
480.0,496.0
477.0,497.0
476.0,496.0
476.0,496.0
476.0,497.0
479.0,498.0
479.0,496.0
475.0,495.0
476.0,497.0
479.0,499.0
479.0,494.0
477.0,496.0
477.0,496.0
480.0,494.0
481.0,495.0
474.0,496.0
478.0,496.0
480.0,496.0
478.0,497.0
475.0,498.0
478.0,495.0
482.0,496.0
477.0,495.0
476.0,496.0
478.0,497.0
481.0,499.0
477.0,495.0
477.0,497.0
480.0,497.0
481.0,496.0
476.0,497.0
477.0,496.0
479.0,496.0
479.0,496.0
478.0,501.0
476.0,497.0
479.0,495.0
481.0,497.0
477.0,496.0
476.0,497.0
481.0,498.0
478.0,498.0
476.0,498.0
480.0,497.0
481.0,497.0
477.0,496.0
476.0,497.0
480.0,497.0
484.0,497.0
477.0,496.0
475.0,497.0
479.0,499.0
482.0,496.0
479.0,495.0
476.0,497.0
479.0,496.0
481.0,496.0
478.0,500.0
479.0,496.0
481.0,497.0
480.0,496.0
477.0,496.0
481.0,496.0
481.0,498.0
478.0,499.0
477.0,496.0
479.0,496.0
486.0,495.0
482.0,496.0
477.0,497.0
479.0,498.0
481.0,497.0
478.0,495.0
478.0,496.0
481.0,497.0
482.0,497.0
480.0,497.0
478.0,497.0
482.0,498.0
480.0,495.0
479.0,495.0
479.0,499.0
483.0,495.0
481.0,496.0
480.0,496.0
479.0,497.0
483.0,498.0
482.0,496.0
479.0,496.0
482.0,496.0
483.0,496.0
479.0,497.0
479.0,496.0
481.0,498.0
482.0,497.0
480.0,496.0
480.0,496.0
480.0,496.0
483.0,497.0
481.0,496.0
479.0,497.0
482.0,498.0
484.0,496.0
479.0,499.0
481.0,496.0
484.0,496.0
481.0,497.0
478.0,498.0
481.0,496.0
485.0,496.0
485.0,497.0
479.0,500.0
478.0,496.0
481.0,495.0
481.0,496.0
480.0,499.0
481.0,498.0
484.0,498.0
481.0,496.0
479.0,496.0
482.0,498.0
484.0,497.0
480.0,500.0
479.0,497.0
482.0,495.0
485.0,497.0
481.0,498.0
480.0,498.0
482.0,498.0
485.0,494.0
483.0,496.0
480.0,498.0
484.0,495.0
482.0,496.0
478.0,498.0
480.0,498.0
483.0,497.0
483.0,497.0
480.0,499.0
481.0,497.0
486.0,497.0
481.0,498.0
480.0,498.0
481.0,496.0
485.0,496.0
482.0,499.0
482.0,496.0
482.0,496.0
487.0,496.0
482.0,498.0
480.0,499.0
483.0,496.0
483.0,496.0
481.0,498.0
482.0,499.0
484.0,498.0
483.0,496.0
481.0,498.0
480.0,498.0
482.0,496.0
482.0,496.0
481.0,499.0
482.0,496.0
483.0,496.0
481.0,497.0
480.0,497.0
485.0,497.0
486.0,496.0
481.0,497.0
480.0,496.0
483.0,497.0
484.0,497.0
482.0,496.0
482.0,498.0
483.0,496.0
484.0,496.0
482.0,500.0
481.0,497.0
482.0,494.0
485.0,496.0
482.0,498.0
480.0,497.0
482.0,496.0
483.0,497.0
480.0,497.0
482.0,496.0
485.0,495.0
482.0,496.0
481.0,497.0
483.0,497.0
484.0,497.0
482.0,496.0
480.0,496.0
485.0,497.0
485.0,496.0
481.0,498.0
480.0,496.0
482.0,495.0
486.0,496.0
482.0,496.0
481.0,496.0
485.0,496.0
481.0,497.0
480.0,496.0
481.0,496.0
483.0,496.0
484.0,497.0
481.0,496.0
482.0,496.0
485.0,496.0
483.0,496.0
481.0,496.0
482.0,501.0
486.0,496.0
483.0,493.0
481.0,496.0
486.0,495.0
484.0,496.0
481.0,495.0
481.0,498.0
483.0,496.0
484.0,497.0
482.0,496.0
481.0,496.0
483.0,494.0
485.0,495.0
481.0,496.0
481.0,497.0
484.0,496.0
488.0,494.0
481.0,496.0
479.0,496.0
484.0,496.0
485.0,497.0
481.0,495.0
483.0,496.0
484.0,497.0
482.0,496.0
480.0,496.0
484.0,498.0
487.0,495.0
482.0,494.0
480.0,496.0
484.0,496.0
485.0,495.0
482.0,496.0
480.0,496.0
483.0,497.0
484.0,497.0
481.0,496.0
481.0,495.0
484.0,494.0
484.0,496.0
482.0,496.0
481.0,496.0
485.0,496.0
484.0,497.0
480.0,495.0
482.0,495.0
491.0,497.0
483.0,496.0
477.0,496.0
482.0,498.0
484.0,496.0
482.0,495.0
480.0,496.0
481.0,497.0
485.0,497.0
482.0,496.0
481.0,496.0
484.0,496.0
485.0,496.0
482.0,498.0
481.0,497.0
485.0,498.0
484.0,495.0
481.0,496.0
481.0,496.0
484.0,498.0
484.0,495.0
481.0,495.0
480.0,496.0
485.0,495.0
486.0,496.0
479.0,497.0
480.0,496.0
484.0,496.0
482.0,495.0
482.0,496.0
483.0,498.0
484.0,496.0
480.0,496.0
482.0,497.0
484.0,498.0
484.0,498.0
482.0,495.0
480.0,496.0
483.0,496.0
484.0,495.0
482.0,497.0
480.0,496.0
483.0,495.0
484.0,496.0
481.0,497.0
482.0,497.0
488.0,496.0
486.0,496.0
480.0,497.0
484.0,497.0
483.0,496.0
482.0,495.0
482.0,499.0
482.0,495.0
486.0,496.0
483.0,497.0
480.0,500.0
483.0,496.0
484.0,495.0
482.0,497.0
481.0,496.0
483.0,496.0
486.0,497.0
481.0,497.0
480.0,495.0
483.0,496.0
485.0,496.0
481.0,496.0
481.0,497.0
487.0,496.0
482.0,496.0
480.0,496.0
482.0,496.0
486.0,496.0
483.0,498.0
480.0,497.0
482.0,495.0
486.0,495.0
484.0,496.0
481.0,496.0
482.0,497.0
487.0,496.0
481.0,496.0
481.0,496.0
485.0,495.0
482.0,496.0
482.0,497.0
481.0,496.0
483.0,495.0
486.0,496.0
481.0,497.0
481.0,495.0
483.0,496.0
484.0,496.0
482.0,497.0
482.0,495.0
484.0,495.0
487.0,496.0
483.0,496.0
481.0,495.0
484.0,496.0
482.0,495.0
480.0,498.0
482.0,496.0
485.0,495.0
483.0,498.0
482.0,495.0
482.0,495.0
485.0,496.0
482.0,498.0
481.0,495.0
484.0,493.0
484.0,495.0
482.0,497.0
482.0,496.0
486.0,494.0
484.0,496.0
480.0,496.0
480.0,496.0
484.0,494.0
484.0,497.0
480.0,496.0
482.0,496.0
484.0,496.0
483.0,495.0
481.0,496.0
485.0,495.0
483.0,495.0
482.0,497.0
481.0,498.0
486.0,496.0
484.0,496.0
481.0,499.0
480.0,496.0
483.0,495.0
484.0,495.0
483.0,496.0
481.0,496.0
485.0,495.0
485.0,496.0
482.0,496.0
485.0,496.0
486.0,496.0
482.0,496.0
480.0,496.0
485.0,496.0
483.0,496.0
482.0,495.0
482.0,496.0
482.0,496.0
486.0,496.0
483.0,496.0
481.0,496.0
482.0,496.0
486.0,496.0
481.0,496.0
479.0,496.0
485.0,496.0
484.0,496.0
482.0,496.0
482.0,496.0
484.0,496.0
485.0,496.0
482.0,496.0
481.0,496.0
484.0,496.0
485.0,496.0
483.0,497.0
482.0,499.0
484.0,496.0
485.0,494.0
482.0,495.0
480.0,495.0
487.0,495.0
485.0,496.0
479.0,496.0
481.0,495.0
485.0,496.0
482.0,496.0
481.0,498.0
483.0,497.0
485.0,494.0
482.0,495.0
481.0,495.0
484.0,496.0
485.0,496.0
483.0,496.0
481.0,495.0
486.0,496.0
485.0,498.0
482.0,494.0
481.0,496.0
485.0,494.0
484.0,494.0
482.0,496.0
482.0,495.0
484.0,494.0
484.0,496.0
481.0,497.0
482.0,497.0
485.0,496.0
485.0,495.0
482.0,494.0
482.0,494.0
486.0,496.0
483.0,496.0
481.0,495.0
484.0,496.0
484.0,497.0
483.0,499.0
481.0,498.0
483.0,494.0
485.0,495.0
482.0,496.0
482.0,497.0
485.0,495.0
485.0,495.0
482.0,496.0
482.0,495.0
485.0,495.0
484.0,496.0
482.0,496.0
482.0,496.0
485.0,496.0
484.0,496.0
482.0,496.0
484.0,495.0
486.0,496.0
483.0,502.0
481.0,500.0
484.0,489.0
486.0,494.0
483.0,495.0
482.0,495.0
485.0,495.0
486.0,496.0
483.0,496.0
482.0,496.0
485.0,496.0
486.0,496.0
483.0,496.0
482.0,496.0
486.0,496.0
485.0,496.0
482.0,497.0
483.0,496.0
486.0,496.0
485.0,498.0
482.0,506.0
483.0,496.0
487.0,491.0
484.0,494.0
482.0,496.0
485.0,495.0
487.0,496.0
483.0,496.0
482.0,495.0
485.0,495.0
488.0,496.0
484.0,496.0
482.0,496.0
486.0,496.0
486.0,496.0
483.0,496.0
482.0,496.0
486.0,496.0
485.0,497.0
483.0,496.0
483.0,496.0
487.0,496.0
486.0,497.0
483.0,496.0
484.0,496.0
487.0,496.0
485.0,496.0
482.0,496.0
485.0,496.0
487.0,496.0
485.0,497.0
482.0,496.0
486.0,496.0
486.0,496.0
484.0,497.0
482.0,496.0
484.0,496.0
486.0,496.0
483.0,497.0
482.0,497.0
485.0,496.0
486.0,496.0
482.0,497.0
482.0,496.0
486.0,496.0
485.0,496.0
482.0,496.0
482.0,496.0
486.0,496.0
484.0,497.0
482.0,496.0
483.0,496.0
486.0,496.0
483.0,497.0
482.0,496.0
483.0,496.0
485.0,496.0
483.0,497.0
482.0,496.0
483.0,496.0
485.0,496.0
482.0,496.0
481.0,497.0
484.0,497.0
485.0,497.0
482.0,496.0
481.0,497.0
485.0,495.0
485.0,496.0
481.0,496.0
481.0,496.0
485.0,496.0
484.0,496.0
482.0,496.0
482.0,496.0
485.0,496.0
483.0,497.0
481.0,496.0
483.0,496.0
485.0,496.0
483.0,498.0
481.0,496.0
483.0,496.0
485.0,496.0
482.0,497.0
481.0,497.0
484.0,496.0
484.0,497.0
482.0,496.0
481.0,497.0
484.0,496.0
484.0,497.0
481.0,497.0
481.0,496.0
484.0,496.0
483.0,495.0
481.0,496.0
482.0,496.0
485.0,496.0
483.0,497.0
480.0,496.0
482.0,496.0
485.0,496.0
482.0,498.0
480.0,496.0
482.0,496.0
484.0,497.0
482.0,497.0
481.0,497.0
482.0,497.0
484.0,498.0
481.0,497.0
481.0,496.0
483.0,496.0
484.0,496.0
481.0,498.0
481.0,497.0
484.0,497.0
483.0,497.0
481.0,496.0
481.0,496.0
484.0,497.0
483.0,498.0
480.0,497.0
481.0,497.0
485.0,499.0
482.0,498.0
480.0,499.0
481.0,499.0
484.0,496.0
482.0,495.0
480.0,495.0
483.0,496.0
483.0,496.0
482.0,497.0
480.0,496.0
482.0,496.0
484.0,497.0
482.0,497.0
481.0,496.0
483.0,497.0
484.0,499.0
481.0,498.0
481.0,496.0
484.0,497.0
483.0,498.0
481.0,496.0
481.0,495.0
484.0,497.0
483.0,498.0
480.0,496.0
482.0,496.0
484.0,496.0
482.0,497.0
481.0,496.0
482.0,496.0
485.0,496.0
483.0,496.0
481.0,497.0
483.0,496.0
484.0,496.0
482.0,497.0
481.0,496.0
484.0,496.0
484.0,497.0
482.0,496.0
481.0,496.0
484.0,496.0
483.0,497.0
481.0,496.0
481.0,496.0
484.0,497.0
483.0,497.0
480.0,496.0
482.0,496.0
484.0,496.0
482.0,497.0
480.0,496.0
482.0,496.0
484.0,496.0
482.0,497.0
480.0,497.0
482.0,496.0
484.0,497.0
482.0,497.0
481.0,496.0
483.0,496.0
484.0,496.0
481.0,497.0
481.0,496.0
483.0,497.0
484.0,497.0
480.0,496.0
481.0,496.0
483.0,497.0
483.0,497.0
481.0,496.0
481.0,496.0
484.0,496.0
483.0,497.0
480.0,496.0
482.0,496.0
486.0,496.0
481.0,497.0
480.0,497.0
481.0,497.0
484.0,497.0
481.0,497.0
480.0,496.0
482.0,496.0
484.0,496.0
481.0,496.0
480.0,495.0
483.0,495.0
483.0,496.0
481.0,496.0
481.0,496.0
484.0,496.0
483.0,497.0
480.0,496.0
481.0,495.0
484.0,496.0
482.0,497.0
480.0,496.0
481.0,496.0
484.0,496.0
482.0,496.0
480.0,497.0
482.0,497.0
484.0,496.0
482.0,497.0
480.0,497.0
482.0,496.0
483.0,497.0
481.0,497.0
480.0,496.0
483.0,496.0
483.0,497.0
480.0,496.0
481.0,496.0
483.0,496.0
483.0,497.0
480.0,496.0
480.0,496.0
483.0,496.0
482.0,497.0
480.0,496.0
480.0,496.0
483.0,496.0
481.0,497.0
479.0,497.0
481.0,497.0
484.0,496.0
481.0,497.0
480.0,497.0
482.0,496.0
483.0,496.0
481.0,497.0
480.0,496.0
482.0,496.0
483.0,497.0
481.0,497.0
480.0,496.0
484.0,496.0
483.0,497.0
480.0,496.0
481.0,496.0
483.0,496.0
483.0,497.0
480.0,496.0
480.0,496.0
483.0,496.0
482.0,497.0
480.0,496.0
481.0,496.0
484.0,495.0
482.0,497.0
479.0,496.0
481.0,496.0
483.0,496.0
481.0,497.0
480.0,496.0
481.0,496.0
483.0,496.0
481.0,497.0
479.0,496.0
482.0,496.0
483.0,497.0
480.0,496.0
480.0,496.0
483.0,496.0
483.0,497.0
481.0,496.0
480.0,496.0
483.0,496.0
482.0,497.0
479.0,496.0
481.0,496.0
483.0,495.0
481.0,496.0
479.0,496.0
482.0,496.0
483.0,496.0
481.0,497.0
479.0,496.0
482.0,496.0
483.0,496.0
481.0,496.0
479.0,495.0
482.0,496.0
483.0,497.0
480.0,496.0
480.0,496.0
482.0,496.0
482.0,497.0
480.0,496.0
480.0,496.0
483.0,496.0
482.0,497.0
480.0,496.0
480.0,496.0
483.0,496.0
482.0,497.0
479.0,497.0
481.0,496.0
483.0,496.0
481.0,496.0
479.0,495.0
481.0,495.0
483.0,496.0
480.0,496.0
479.0,496.0
481.0,496.0
483.0,497.0
481.0,496.0
480.0,496.0
482.0,496.0
483.0,497.0
480.0,496.0
479.0,496.0
483.0,496.0
482.0,497.0
480.0,496.0
480.0,496.0
483.0,496.0
482.0,497.0
479.0,495.0
480.0,496.0
483.0,496.0
481.0,497.0
479.0,496.0
481.0,496.0
484.0,497.0
481.0,496.0
479.0,496.0
481.0,496.0
483.0,497.0
481.0,497.0
479.0,496.0
483.0,496.0
483.0,497.0
480.0,497.0
479.0,496.0
481.0,496.0
482.0,497.0
479.0,496.0
479.0,496.0
483.0,496.0
482.0,497.0
479.0,497.0
480.0,496.0
483.0,496.0
481.0,496.0
479.0,496.0
481.0,496.0
484.0,496.0
480.0,496.0
479.0,496.0
481.0,496.0
483.0,497.0
481.0,497.0
479.0,496.0
481.0,496.0
483.0,497.0
480.0,496.0
479.0,496.0
482.0,496.0
482.0,497.0
480.0,496.0
480.0,495.0
483.0,496.0
483.0,497.0
480.0,497.0
480.0,496.0
483.0,495.0
481.0,496.0
479.0,497.0
480.0,496.0
483.0,497.0
481.0,496.0
479.0,496.0
481.0,496.0
483.0,496.0
480.0,496.0
479.0,496.0
481.0,496.0
483.0,497.0
480.0,496.0
479.0,496.0
482.0,496.0
482.0,497.0
480.0,496.0
479.0,496.0
482.0,496.0
482.0,496.0
480.0,496.0
480.0,496.0
483.0,496.0
482.0,496.0
479.0,497.0
480.0,496.0
483.0,496.0
482.0,497.0
479.0,496.0
481.0,496.0
483.0,496.0
481.0,496.0
479.0,496.0
481.0,496.0
483.0,497.0
481.0,496.0
479.0,496.0
482.0,496.0
483.0,497.0
480.0,496.0
479.0,496.0
482.0,496.0
482.0,496.0
480.0,496.0
480.0,495.0
483.0,495.0
482.0,496.0
479.0,496.0
480.0,496.0
483.0,497.0
482.0,496.0
479.0,496.0
481.0,496.0
483.0,497.0
481.0,496.0
478.0,496.0
481.0,496.0
483.0,497.0
481.0,496.0
479.0,496.0
481.0,496.0
483.0,497.0
481.0,496.0
479.0,496.0
482.0,496.0
482.0,497.0
479.0,496.0
480.0,496.0
482.0,496.0
482.0,496.0
479.0,496.0
480.0,496.0
483.0,496.0
482.0,497.0
479.0,497.0
480.0,496.0
483.0,496.0
481.0,496.0
479.0,496.0
481.0,496.0
482.0,496.0
481.0,496.0
478.0,496.0
483.0,496.0
482.0,497.0
480.0,496.0
479.0,496.0
481.0,497.0
482.0,496.0
480.0,497.0
480.0,496.0
482.0,495.0
482.0,496.0
479.0,496.0
480.0,496.0
482.0,496.0
482.0,496.0
479.0,496.0
480.0,496.0
483.0,496.0
481.0,496.0
479.0,496.0
481.0,496.0
483.0,496.0
481.0,496.0
478.0,497.0
482.0,496.0
483.0,497.0
481.0,497.0
479.0,496.0
481.0,496.0
482.0,496.0
480.0,496.0
479.0,495.0
481.0,496.0
483.0,496.0
480.0,496.0
480.0,496.0
483.0,496.0
481.0,496.0
479.0,496.0
480.0,495.0
483.0,496.0
481.0,496.0
479.0,496.0
480.0,496.0
483.0,497.0
481.0,496.0
479.0,496.0
482.0,496.0
483.0,496.0
481.0,496.0
479.0,496.0
481.0,496.0
482.0,496.0
480.0,496.0
478.0,495.0
481.0,496.0
482.0,496.0
480.0,496.0
479.0,496.0
481.0,496.0
482.0,496.0
479.0,496.0
480.0,496.0
482.0,497.0
481.0,496.0
479.0,495.0
479.0,496.0
482.0,496.0
481.0,496.0
478.0,495.0
480.0,496.0
483.0,496.0
480.0,495.0
478.0,494.0
481.0,495.0
482.0,496.0
480.0,495.0
478.0,495.0
481.0,496.0
482.0,496.0
479.0,496.0
478.0,495.0
479.0,496.0
481.0,496.0
478.0,496.0
479.0,496.0
481.0,496.0
481.0,496.0
475.0,496.0
478.0,496.0
481.0,496.0
481.0,496.0
478.0,495.0
479.0,496.0
481.0,496.0
479.0,497.0
477.0,496.0
480.0,496.0
481.0,495.0
479.0,496.0
478.0,495.0
480.0,496.0
481.0,496.0
479.0,496.0
478.0,495.0
481.0,495.0
481.0,497.0
478.0,496.0
477.0,495.0
481.0,495.0
480.0,496.0
477.0,495.0
478.0,496.0
480.0,496.0
480.0,496.0
477.0,495.0
478.0,496.0
481.0,496.0
480.0,496.0
477.0,495.0
479.0,496.0
481.0,496.0
479.0,496.0
477.0,495.0
480.0,496.0
481.0,496.0
479.0,496.0
477.0,495.0
480.0,496.0
481.0,496.0
478.0,496.0
477.0,496.0
480.0,496.0
480.0,496.0
477.0,496.0
477.0,495.0
480.0,496.0
480.0,496.0
476.0,496.0
477.0,496.0
481.0,497.0
479.0,496.0
476.0,495.0
478.0,496.0
481.0,497.0
477.0,496.0
476.0,495.0
480.0,496.0
480.0,496.0
478.0,496.0
476.0,496.0
479.0,496.0
480.0,496.0
477.0,497.0
476.0,497.0
479.0,496.0
480.0,496.0
476.0,496.0
476.0,496.0
480.0,496.0
479.0,496.0
476.0,496.0
477.0,496.0
480.0,496.0
479.0,496.0
476.0,494.0
477.0,496.0
481.0,496.0
478.0,496.0
476.0,496.0
478.0,496.0
480.0,496.0
478.0,496.0
476.0,495.0
478.0,496.0
480.0,496.0
477.0,496.0
476.0,495.0
480.0,496.0
480.0,496.0
477.0,496.0
476.0,495.0
480.0,496.0
479.0,496.0
476.0,495.0
476.0,495.0
480.0,495.0
479.0,495.0
476.0,494.0
477.0,495.0
480.0,496.0
478.0,495.0
475.0,495.0
478.0,496.0
480.0,496.0
477.0,496.0
475.0,495.0
477.0,496.0
479.0,496.0
477.0,496.0
475.0,495.0
478.0,495.0
479.0,496.0
477.0,495.0
475.0,495.0
478.0,496.0
479.0,496.0
475.0,496.0
475.0,496.0
478.0,496.0
478.0,496.0
475.0,495.0
476.0,495.0
479.0,497.0
477.0,496.0
475.0,495.0
476.0,496.0
479.0,496.0
476.0,496.0
474.0,495.0
476.0,496.0
480.0,496.0
476.0,496.0
473.0,495.0
476.0,496.0
477.0,496.0
474.0,496.0
473.0,495.0
476.0,496.0
477.0,496.0
474.0,495.0
474.0,495.0
477.0,496.0
477.0,496.0
474.0,495.0
474.0,495.0
478.0,496.0
477.0,495.0
474.0,494.0
475.0,496.0
478.0,496.0
476.0,496.0
474.0,496.0
476.0,496.0
478.0,497.0
476.0,497.0
474.0,496.0
477.0,497.0
478.0,497.0
476.0,498.0
474.0,496.0
477.0,497.0
478.0,498.0
475.0,496.0
474.0,497.0
478.0,497.0
478.0,497.0
475.0,496.0
475.0,497.0
478.0,498.0
477.0,498.0
474.0,496.0
475.0,498.0
479.0,498.0
477.0,497.0
474.0,496.0
476.0,497.0
479.0,498.0
477.0,498.0
475.0,497.0
477.0,497.0
479.0,498.0
477.0,498.0
475.0,498.0
478.0,497.0
479.0,498.0
477.0,498.0
475.0,498.0
479.0,499.0
480.0,498.0
476.0,498.0
476.0,498.0
479.0,499.0
479.0,499.0
