489.0,493.0
489.0,493.0
489.0,493.0
489.0,493.0
489.0,493.0
489.0,493.0
488.0,493.0
488.0,493.0
489.0,493.0
489.0,493.0
488.0,494.0
487.0,493.0
489.0,494.0
490.0,494.0
490.0,493.0
489.0,493.0
489.0,494.0
490.0,494.0
490.0,493.0
488.0,493.0
490.0,494.0
490.0,494.0
490.0,493.0
488.0,493.0
489.0,493.0
491.0,494.0
490.0,493.0
488.0,493.0
490.0,494.0
492.0,494.0
489.0,494.0
488.0,493.0
490.0,494.0
490.0,494.0
489.0,492.0
489.0,494.0
490.0,494.0
490.0,493.0
488.0,492.0
489.0,494.0
490.0,495.0
490.0,493.0
489.0,493.0
489.0,493.0
490.0,495.0
489.0,493.0
489.0,493.0
490.0,494.0
490.0,493.0
490.0,493.0
488.0,494.0
490.0,493.0
492.0,493.0
489.0,492.0
488.0,493.0
490.0,493.0
491.0,493.0
489.0,493.0
489.0,493.0
491.0,494.0
490.0,493.0
488.0,493.0
489.0,494.0
490.0,494.0
490.0,493.0
488.0,492.0
489.0,494.0
490.0,494.0
489.0,493.0
489.0,492.0
490.0,494.0
491.0,494.0
489.0,494.0
488.0,493.0
489.0,493.0
491.0,492.0
489.0,491.0
487.0,491.0
490.0,493.0
491.0,492.0
489.0,491.0
488.0,492.0
490.0,494.0
490.0,493.0
488.0,493.0
488.0,495.0
490.0,495.0
490.0,493.0
489.0,492.0
489.0,494.0
490.0,494.0
489.0,493.0
488.0,493.0
490.0,494.0
490.0,494.0
489.0,494.0
489.0,493.0
490.0,495.0
491.0,494.0
490.0,493.0
487.0,493.0
489.0,494.0
491.0,494.0
488.0,493.0
488.0,493.0
490.0,494.0
490.0,494.0
489.0,493.0
489.0,494.0
490.0,494.0
490.0,493.0
488.0,493.0
489.0,495.0
490.0,494.0
490.0,493.0
489.0,494.0
491.0,494.0
490.0,493.0
489.0,492.0
488.0,493.0
489.0,494.0
491.0,494.0
489.0,493.0
488.0,492.0
490.0,492.0
492.0,493.0
490.0,493.0
488.0,493.0
490.0,494.0
490.0,494.0
489.0,494.0
488.0,493.0
490.0,493.0
490.0,493.0
488.0,492.0
489.0,494.0
491.0,494.0
490.0,493.0
488.0,492.0
489.0,494.0
491.0,494.0
490.0,493.0
489.0,492.0
489.0,493.0
490.0,494.0
489.0,493.0
488.0,493.0
489.0,494.0
492.0,494.0
490.0,494.0
488.0,494.0
490.0,494.0
491.0,494.0
489.0,492.0
488.0,493.0
490.0,494.0
490.0,492.0
488.0,492.0
489.0,494.0
490.0,494.0
489.0,493.0
488.0,492.0
489.0,494.0
491.0,494.0
490.0,494.0
488.0,492.0
490.0,493.0
490.0,494.0
490.0,494.0
489.0,493.0
489.0,493.0
491.0,495.0
489.0,493.0
487.0,492.0
489.0,493.0
491.0,494.0
488.0,492.0
488.0,492.0
490.0,494.0
490.0,495.0
488.0,492.0
489.0,493.0
490.0,494.0
490.0,492.0
488.0,492.0
489.0,494.0
490.0,494.0
490.0,493.0
488.0,492.0
489.0,493.0
490.0,494.0
489.0,493.0
488.0,492.0
489.0,493.0
491.0,493.0
489.0,493.0
487.0,493.0
490.0,493.0
491.0,494.0
489.0,493.0
487.0,493.0
490.0,494.0
490.0,494.0
488.0,493.0
489.0,494.0
490.0,494.0
490.0,493.0
489.0,493.0
489.0,494.0
491.0,495.0
490.0,493.0
488.0,492.0
490.0,493.0
490.0,494.0
489.0,493.0
488.0,493.0
489.0,494.0
490.0,493.0
489.0,492.0
488.0,491.0
489.0,492.0
491.0,492.0
489.0,491.0
487.0,492.0
489.0,494.0
490.0,494.0
488.0,493.0
488.0,494.0
489.0,494.0
490.0,493.0
488.0,492.0
488.0,494.0
490.0,495.0
490.0,493.0
488.0,493.0
490.0,494.0
490.0,494.0
489.0,493.0
488.0,493.0
489.0,494.0
490.0,494.0
489.0,493.0
488.0,492.0
490.0,494.0
491.0,494.0
489.0,493.0
487.0,493.0
489.0,494.0
491.0,493.0
488.0,492.0
488.0,493.0
490.0,494.0
490.0,493.0
488.0,493.0
488.0,494.0
490.0,494.0
490.0,493.0
488.0,492.0
489.0,494.0
490.0,494.0
490.0,494.0
488.0,492.0
489.0,493.0
490.0,493.0
489.0,493.0
488.0,493.0
490.0,493.0
490.0,494.0
488.0,493.0
486.0,492.0
490.0,492.0
491.0,493.0
488.0,492.0
487.0,492.0
489.0,494.0
489.0,493.0
488.0,493.0
488.0,495.0
490.0,494.0
489.0,493.0
488.0,492.0
488.0,493.0
489.0,494.0
489.0,493.0
488.0,492.0
489.0,493.0
490.0,493.0
489.0,493.0
488.0,492.0
490.0,495.0
490.0,495.0
489.0,493.0
487.0,492.0
489.0,494.0
491.0,493.0
489.0,492.0
487.0,494.0
490.0,494.0
490.0,494.0
488.0,493.0
489.0,493.0
490.0,493.0
490.0,492.0
488.0,492.0
489.0,494.0
490.0,494.0
490.0,494.0
488.0,493.0
490.0,494.0
490.0,494.0
489.0,493.0
489.0,492.0
490.0,493.0
490.0,493.0
489.0,494.0
488.0,493.0
490.0,495.0
491.0,493.0
489.0,492.0
490.0,492.0
490.0,493.0
491.0,494.0
489.0,493.0
488.0,493.0
491.0,494.0
491.0,493.0
489.0,493.0
489.0,493.0
491.0,494.0
490.0,493.0
489.0,492.0
490.0,493.0
491.0,494.0
490.0,493.0
489.0,494.0
490.0,494.0
491.0,493.0
490.0,492.0
489.0,492.0
490.0,493.0
492.0,493.0
490.0,492.0
488.0,492.0
490.0,493.0
492.0,493.0
489.0,493.0
489.0,493.0
491.0,495.0
491.0,493.0
489.0,492.0
490.0,494.0
491.0,495.0
491.0,492.0
490.0,493.0
490.0,493.0
492.0,493.0
490.0,493.0
489.0,493.0
490.0,495.0
491.0,494.0
490.0,492.0
490.0,490.0
491.0,493.0
492.0,491.0
490.0,491.0
490.0,492.0
491.0,493.0
493.0,494.0
490.0,493.0
489.0,494.0
492.0,494.0
492.0,496.0
489.0,492.0
489.0,494.0
492.0,494.0
491.0,493.0
490.0,492.0
490.0,494.0
492.0,495.0
490.0,493.0
489.0,493.0
490.0,494.0
491.0,495.0
490.0,493.0
490.0,492.0
490.0,494.0
491.0,494.0
490.0,493.0
489.0,493.0
490.0,494.0
493.0,494.0
490.0,493.0
488.0,494.0
491.0,495.0
491.0,494.0
490.0,493.0
490.0,494.0
491.0,494.0
491.0,493.0
490.0,493.0
489.0,494.0
492.0,494.0
491.0,493.0
490.0,493.0
490.0,494.0
491.0,494.0
490.0,493.0
490.0,493.0
490.0,493.0
492.0,493.0
490.0,493.0
489.0,493.0
491.0,494.0
493.0,493.0
490.0,492.0
489.0,493.0
491.0,494.0
493.0,493.0
490.0,492.0
490.0,493.0
491.0,495.0
491.0,492.0
490.0,492.0
490.0,495.0
492.0,493.0
491.0,492.0
489.0,492.0
490.0,493.0
491.0,494.0
490.0,493.0
490.0,493.0
490.0,493.0
492.0,493.0
490.0,493.0
490.0,493.0
491.0,493.0
492.0,494.0
490.0,491.0
488.0,493.0
491.0,493.0
493.0,493.0
490.0,492.0
488.0,493.0
491.0,494.0
492.0,493.0
490.0,492.0
490.0,494.0
492.0,494.0
490.0,493.0
490.0,493.0
490.0,493.0
492.0,494.0
490.0,493.0
490.0,493.0
490.0,493.0
491.0,492.0
490.0,492.0
490.0,494.0
490.0,493.0
492.0,493.0
490.0,492.0
489.0,493.0
491.0,494.0
492.0,494.0
490.0,493.0
489.0,493.0
491.0,494.0
491.0,493.0
489.0,492.0
489.0,494.0
491.0,494.0
491.0,493.0
489.0,493.0
490.0,494.0
491.0,494.0
490.0,493.0
489.0,492.0
490.0,493.0
491.0,494.0
490.0,493.0
490.0,492.0
490.0,493.0
491.0,494.0
489.0,492.0
489.0,493.0
490.0,494.0
492.0,494.0
490.0,493.0
488.0,493.0
491.0,493.0
492.0,493.0
489.0,493.0
489.0,493.0
491.0,494.0
491.0,492.0
489.0,493.0
490.0,495.0
491.0,494.0
490.0,493.0
489.0,493.0
490.0,492.0
491.0,492.0
490.0,490.0
489.0,490.0
490.0,492.0
491.0,493.0
490.0,492.0
489.0,492.0
490.0,493.0
492.0,494.0
490.0,492.0
488.0,492.0
490.0,494.0
492.0,493.0
490.0,492.0
489.0,493.0
491.0,493.0
491.0,492.0
489.0,492.0
489.0,493.0
491.0,494.0
490.0,492.0
489.0,493.0
490.0,493.0
491.0,494.0
490.0,492.0
489.0,492.0
489.0,493.0
490.0,493.0
490.0,492.0
489.0,492.0
490.0,493.0
491.0,492.0
490.0,493.0
487.0,493.0
490.0,493.0
491.0,493.0
490.0,493.0
488.0,491.0
491.0,493.0
491.0,492.0
489.0,492.0
489.0,493.0
491.0,493.0
491.0,491.0
489.0,491.0
489.0,492.0
491.0,493.0
490.0,492.0
489.0,492.0
490.0,493.0
490.0,493.0
490.0,493.0
489.0,491.0
490.0,493.0
491.0,493.0
489.0,492.0
488.0,492.0
490.0,494.0
491.0,494.0
490.0,492.0
488.0,491.0
491.0,493.0
491.0,492.0
489.0,492.0
489.0,493.0
490.0,493.0
491.0,492.0
489.0,491.0
489.0,492.0
491.0,493.0
490.0,491.0
489.0,492.0
490.0,493.0
491.0,493.0
490.0,492.0
489.0,492.0
490.0,493.0
490.0,493.0
490.0,493.0
489.0,492.0
489.0,493.0
491.0,493.0
490.0,492.0
488.0,492.0
490.0,493.0
491.0,493.0
489.0,491.0
489.0,493.0
491.0,493.0
491.0,492.0
488.0,492.0
489.0,492.0
491.0,492.0
490.0,492.0
489.0,491.0
489.0,493.0
490.0,493.0
490.0,492.0
489.0,492.0
490.0,493.0
491.0,493.0
489.0,492.0
489.0,492.0
489.0,493.0
491.0,493.0
489.0,492.0
487.0,492.0
489.0,493.0
492.0,492.0
489.0,492.0
488.0,493.0
490.0,493.0
490.0,492.0
489.0,492.0
488.0,492.0
490.0,493.0
489.0,492.0
488.0,492.0
489.0,493.0
490.0,494.0
490.0,492.0
488.0,491.0
489.0,492.0
490.0,493.0
489.0,493.0
489.0,492.0
490.0,492.0
490.0,493.0
490.0,493.0
488.0,492.0
489.0,492.0
492.0,491.0
489.0,490.0
487.0,491.0
490.0,493.0
491.0,491.0
489.0,490.0
488.0,492.0
490.0,493.0
490.0,492.0
488.0,492.0
489.0,493.0
490.0,493.0
489.0,492.0
488.0,492.0
489.0,493.0
490.0,494.0
489.0,492.0
488.0,492.0
489.0,492.0
490.0,494.0
489.0,492.0
487.0,492.0
489.0,493.0
491.0,493.0
489.0,492.0
487.0,492.0
489.0,493.0
490.0,492.0
488.0,491.0
488.0,493.0
490.0,494.0
489.0,493.0
488.0,493.0
489.0,493.0
490.0,492.0
490.0,493.0
488.0,492.0
489.0,493.0
490.0,493.0
489.0,492.0
488.0,491.0
489.0,493.0
489.0,493.0
489.0,493.0
488.0,492.0
490.0,493.0
491.0,493.0
489.0,492.0
487.0,492.0
490.0,493.0
491.0,493.0
488.0,491.0
487.0,493.0
489.0,493.0
490.0,492.0
488.0,492.0
488.0,493.0
490.0,493.0
489.0,491.0
488.0,492.0
488.0,492.0
489.0,493.0
489.0,493.0
488.0,493.0
489.0,493.0
489.0,495.0
488.0,493.0
488.0,493.0
489.0,492.0
489.0,493.0
488.0,492.0
486.0,492.0
489.0,493.0
490.0,493.0
488.0,492.0
487.0,493.0
489.0,494.0
489.0,492.0
488.0,492.0
488.0,493.0
489.0,493.0
490.0,494.0
488.0,492.0
488.0,493.0
490.0,493.0
489.0,493.0
488.0,493.0
488.0,493.0
489.0,494.0
489.0,494.0
487.0,493.0
489.0,493.0
489.0,494.0
488.0,493.0
486.0,494.0
489.0,493.0
490.0,492.0
488.0,492.0
486.0,493.0
489.0,491.0
490.0,492.0
487.0,492.0
487.0,493.0
489.0,494.0
489.0,493.0
487.0,493.0
487.0,493.0
490.0,493.0
489.0,492.0
487.0,493.0
488.0,494.0
489.0,493.0
488.0,492.0
487.0,492.0
489.0,493.0
490.0,493.0
488.0,491.0
487.0,492.0
489.0,493.0
490.0,493.0
488.0,493.0
486.0,493.0
489.0,493.0
490.0,492.0
487.0,492.0
487.0,494.0
489.0,494.0
489.0,492.0
487.0,493.0
488.0,495.0
489.0,495.0
490.0,492.0
487.0,488.0
488.0,490.0
489.0,492.0
489.0,492.0
487.0,491.0
488.0,492.0
489.0,493.0
489.0,492.0
488.0,492.0
489.0,493.0
490.0,493.0
488.0,492.0
487.0,493.0
489.0,494.0
490.0,494.0
488.0,492.0
487.0,494.0
489.0,493.0
489.0,492.0
487.0,493.0
487.0,494.0
489.0,493.0
489.0,492.0
488.0,492.0
488.0,493.0
489.0,495.0
489.0,493.0
488.0,492.0
489.0,493.0
489.0,494.0
489.0,493.0
487.0,492.0
489.0,493.0
489.0,494.0
489.0,492.0
486.0,492.0
489.0,494.0
490.0,495.0
488.0,492.0
486.0,492.0
489.0,493.0
489.0,492.0
488.0,492.0
487.0,493.0
489.0,493.0
490.0,491.0
487.0,492.0
488.0,493.0
489.0,494.0
490.0,492.0
487.0,491.0
488.0,493.0
490.0,494.0
488.0,492.0
488.0,492.0
489.0,493.0
490.0,494.0
489.0,493.0
487.0,493.0
489.0,493.0
491.0,493.0
488.0,492.0
486.0,493.0
490.0,494.0
490.0,492.0
488.0,492.0
487.0,494.0
489.0,494.0
490.0,492.0
488.0,493.0
488.0,493.0
490.0,493.0
490.0,493.0
488.0,492.0
489.0,493.0
490.0,494.0
489.0,492.0
488.0,493.0
489.0,493.0
490.0,493.0
489.0,493.0
488.0,493.0
489.0,494.0
490.0,493.0
489.0,492.0
487.0,492.0
490.0,494.0
491.0,492.0
488.0,492.0
487.0,493.0
489.0,494.0
489.0,492.0
488.0,492.0
488.0,493.0
490.0,493.0
490.0,493.0
488.0,492.0
489.0,494.0
490.0,494.0
490.0,492.0
488.0,492.0
489.0,494.0
489.0,494.0
489.0,494.0
488.0,492.0
489.0,494.0
490.0,494.0
489.0,493.0
486.0,492.0
489.0,494.0
490.0,494.0
488.0,492.0
487.0,493.0
489.0,494.0
489.0,492.0
488.0,492.0
488.0,494.0
489.0,493.0
489.0,492.0
487.0,492.0
488.0,492.0
489.0,493.0
489.0,495.0
488.0,493.0
489.0,493.0
490.0,495.0
489.0,492.0
487.0,492.0
489.0,492.0
489.0,492.0
489.0,490.0
487.0,490.0
489.0,492.0
488.0,492.0
489.0,491.0
487.0,492.0
490.0,493.0
489.0,492.0
487.0,492.0
488.0,495.0
490.0,494.0
489.0,492.0
488.0,491.0
489.0,492.0
490.0,493.0
489.0,493.0
488.0,492.0
489.0,493.0
490.0,493.0
489.0,492.0
488.0,492.0
489.0,493.0
489.0,493.0
488.0,492.0
488.0,492.0
490.0,494.0
490.0,494.0
489.0,492.0
487.0,492.0
490.0,493.0
491.0,493.0
488.0,492.0
487.0,494.0
489.0,493.0
490.0,491.0
488.0,492.0
487.0,492.0
489.0,493.0
490.0,492.0
488.0,492.0
488.0,493.0
489.0,493.0
488.0,492.0
487.0,492.0
489.0,493.0
489.0,494.0
489.0,492.0
488.0,492.0
489.0,494.0
490.0,494.0
489.0,493.0
486.0,492.0
489.0,493.0
491.0,492.0
488.0,492.0
487.0,493.0
489.0,493.0
489.0,491.0
488.0,492.0
488.0,493.0
490.0,493.0
490.0,493.0
488.0,492.0
488.0,493.0
490.0,494.0
489.0,493.0
488.0,493.0
489.0,494.0
490.0,494.0
489.0,492.0
488.0,491.0
490.0,493.0
490.0,494.0
489.0,492.0
487.0,492.0
490.0,493.0
491.0,493.0
489.0,492.0
487.0,493.0
490.0,493.0
490.0,493.0
488.0,492.0
488.0,493.0
490.0,493.0
489.0,492.0
488.0,493.0
488.0,493.0
490.0,493.0
489.0,492.0
488.0,492.0
489.0,493.0
489.0,493.0
489.0,493.0
488.0,492.0
489.0,493.0
489.0,494.0
489.0,493.0
487.0,492.0
489.0,492.0
491.0,492.0
489.0,492.0
487.0,494.0
489.0,495.0
491.0,492.0
488.0,491.0
488.0,493.0
489.0,493.0
490.0,492.0
488.0,492.0
488.0,493.0
490.0,494.0
489.0,493.0
488.0,492.0
489.0,492.0
490.0,493.0
489.0,492.0
488.0,492.0
489.0,493.0
490.0,493.0
489.0,492.0
488.0,492.0
489.0,494.0
490.0,494.0
489.0,492.0
487.0,492.0
490.0,494.0
491.0,492.0
488.0,490.0
488.0,491.0
490.0,491.0
490.0,490.0
488.0,491.0
489.0,492.0
490.0,492.0
489.0,492.0
488.0,492.0
489.0,493.0
490.0,493.0
490.0,492.0
488.0,493.0
489.0,493.0
491.0,495.0
489.0,492.0
489.0,491.0
490.0,493.0
491.0,495.0
489.0,494.0
488.0,492.0
489.0,492.0
491.0,492.0
489.0,491.0
487.0,495.0
490.0,502.0
490.0,498.0
488.0,491.0
488.0,490.0
490.0,492.0
489.0,506.0
488.0,504.0
489.0,493.0
490.0,486.0
490.0,490.0
489.0,501.0
489.0,500.0
491.0,491.0
490.0,486.0
489.0,492.0
489.0,506.0
491.0,505.0
489.0,484.0
488.0,496.0
490.0,549.0
492.0,519.0
489.0,470.0
487.0,468.0
490.0,491.0
491.0,494.0
489.0,483.0
489.0,485.0
491.0,489.0
490.0,500.0
489.0,509.0
489.0,502.0
490.0,506.0
491.0,530.0
490.0,507.0
494.0,476.0
490.0,471.0
488.0,493.0
487.0,497.0
489.0,488.0
494.0,485.0
495.0,494.0
488.0,514.0
486.0,500.0
491.0,480.0
501.0,482.0
492.0,491.0
489.0,496.0
493.0,491.0
486.0,500.0
495.0,504.0
499.0,497.0
482.0,494.0
479.0,493.0
488.0,500.0
496.0,492.0
490.0,484.0
488.0,492.0
490.0,494.0
490.0,496.0
493.0,496.0
491.0,494.0
489.0,492.0
495.0,493.0
497.0,496.0
486.0,493.0
487.0,494.0
488.0,493.0
494.0,491.0
500.0,489.0
489.0,501.0
481.0,494.0
486.0,489.0
491.0,491.0
497.0,493.0
488.0,501.0
484.0,497.0
489.0,486.0
508.0,492.0
493.0,496.0
479.0,492.0
486.0,492.0
504.0,493.0
486.0,492.0
483.0,494.0
488.0,493.0
492.0,495.0
489.0,491.0
490.0,490.0
489.0,493.0
500.0,492.0
494.0,495.0
484.0,494.0
481.0,492.0
492.0,493.0
490.0,494.0
484.0,498.0
488.0,497.0
499.0,491.0
493.0,492.0
479.0,493.0
497.0,495.0
493.0,495.0
482.0,494.0
491.0,491.0
489.0,492.0
487.0,496.0
489.0,492.0
486.0,491.0
503.0,496.0
489.0,494.0
477.0,494.0
489.0,490.0
490.0,496.0
488.0,493.0
487.0,491.0
487.0,495.0
491.0,491.0
489.0,491.0
489.0,492.0
489.0,493.0
490.0,495.0
488.0,493.0
486.0,492.0
488.0,493.0
490.0,495.0
488.0,497.0
488.0,493.0
489.0,495.0
488.0,492.0
487.0,493.0
489.0,493.0
493.0,494.0
489.0,495.0
486.0,494.0
489.0,489.0
489.0,494.0
487.0,495.0
488.0,492.0
489.0,492.0
492.0,494.0
489.0,493.0
487.0,493.0
488.0,493.0
491.0,493.0
489.0,493.0
490.0,494.0
487.0,495.0
489.0,494.0
489.0,497.0
487.0,490.0
490.0,492.0
489.0,494.0
489.0,492.0
489.0,494.0
489.0,490.0
488.0,492.0
488.0,491.0
489.0,492.0
490.0,494.0
490.0,493.0
488.0,492.0
488.0,493.0
488.0,493.0
489.0,493.0
489.0,491.0
489.0,493.0
491.0,494.0
489.0,492.0
487.0,495.0
489.0,494.0
489.0,492.0
488.0,495.0
489.0,492.0
490.0,493.0
490.0,496.0
488.0,490.0
489.0,492.0
491.0,494.0
489.0,493.0
485.0,492.0
489.0,492.0
490.0,493.0
489.0,494.0
488.0,493.0
489.0,492.0
490.0,494.0
490.0,493.0
485.0,494.0
490.0,492.0
493.0,495.0
489.0,492.0
488.0,493.0
489.0,494.0
491.0,493.0
490.0,491.0
488.0,493.0
490.0,495.0
491.0,493.0
487.0,494.0
487.0,491.0
491.0,494.0
490.0,493.0
488.0,491.0
489.0,492.0
489.0,494.0
490.0,494.0
488.0,493.0
489.0,493.0
490.0,494.0
490.0,494.0
488.0,492.0
491.0,492.0
490.0,493.0
490.0,494.0
486.0,491.0
490.0,494.0
491.0,496.0
488.0,489.0
487.0,493.0
490.0,493.0
490.0,492.0
488.0,491.0
489.0,491.0
490.0,493.0
490.0,492.0
488.0,492.0
489.0,492.0
489.0,493.0
489.0,494.0
486.0,493.0
488.0,492.0
490.0,494.0
490.0,494.0
490.0,492.0
489.0,493.0
490.0,494.0
488.0,494.0
486.0,494.0
489.0,493.0
491.0,492.0
488.0,493.0
488.0,495.0
489.0,491.0
490.0,492.0
488.0,493.0
488.0,493.0
489.0,495.0
489.0,493.0
488.0,491.0
489.0,492.0
488.0,494.0
490.0,494.0
487.0,493.0
489.0,492.0
490.0,493.0
489.0,493.0
488.0,491.0
489.0,493.0
491.0,493.0
489.0,494.0
487.0,492.0
490.0,493.0
491.0,493.0
488.0,492.0
488.0,493.0
489.0,495.0
490.0,493.0
488.0,491.0
489.0,493.0
489.0,494.0
490.0,494.0
488.0,491.0
488.0,492.0
489.0,493.0
489.0,492.0
488.0,493.0
489.0,492.0
491.0,494.0
489.0,493.0
488.0,492.0
489.0,493.0
491.0,495.0
489.0,492.0
487.0,492.0
489.0,492.0
490.0,495.0
489.0,491.0
487.0,494.0
490.0,491.0
491.0,491.0
488.0,492.0
487.0,492.0
490.0,493.0
489.0,493.0
488.0,492.0
489.0,492.0
490.0,495.0
491.0,493.0
487.0,492.0
488.0,493.0
489.0,494.0
490.0,493.0
487.0,491.0
490.0,492.0
489.0,494.0
488.0,492.0
487.0,492.0
489.0,492.0
492.0,494.0
488.0,492.0
486.0,491.0
490.0,494.0
491.0,493.0
488.0,493.0
488.0,491.0
489.0,493.0
490.0,492.0
488.0,492.0
488.0,491.0
492.0,492.0
489.0,493.0
488.0,492.0
488.0,490.0
490.0,494.0
490.0,492.0
486.0,491.0
488.0,492.0
490.0,493.0
490.0,492.0
488.0,492.0
489.0,493.0
491.0,493.0
488.0,492.0
486.0,491.0
489.0,493.0
490.0,493.0
488.0,493.0
487.0,491.0
489.0,491.0
489.0,492.0
487.0,492.0
489.0,491.0
490.0,495.0
491.0,491.0
487.0,490.0
489.0,490.0
490.0,489.0
488.0,490.0
488.0,489.0
489.0,490.0
490.0,492.0
489.0,491.0
489.0,491.0
488.0,492.0
490.0,493.0
489.0,492.0
487.0,492.0
489.0,492.0
491.0,492.0
487.0,491.0
486.0,492.0
490.0,492.0
490.0,491.0
488.0,491.0
489.0,492.0
489.0,492.0
490.0,492.0
488.0,492.0
489.0,491.0
489.0,491.0
489.0,492.0
488.0,491.0
489.0,492.0
489.0,492.0
489.0,492.0
488.0,491.0
489.0,490.0
489.0,492.0
489.0,491.0
487.0,490.0
490.0,492.0
491.0,493.0
489.0,489.0
487.0,491.0
490.0,490.0
491.0,491.0
489.0,491.0
487.0,492.0
490.0,490.0
491.0,491.0
487.0,491.0
489.0,489.0
491.0,492.0
489.0,492.0
489.0,491.0
489.0,492.0
489.0,492.0
490.0,491.0
489.0,489.0
489.0,490.0
490.0,492.0
489.0,490.0
488.0,490.0
493.0,490.0
491.0,492.0
489.0,492.0
487.0,491.0
489.0,489.0
491.0,491.0
489.0,490.0
487.0,491.0
491.0,494.0
491.0,491.0
490.0,490.0
489.0,488.0
489.0,491.0
491.0,492.0
488.0,489.0
489.0,490.0
491.0,491.0
490.0,489.0
488.0,490.0
489.0,491.0
490.0,489.0
489.0,492.0
488.0,489.0
490.0,490.0
490.0,491.0
488.0,489.0
487.0,489.0
489.0,490.0
492.0,491.0
490.0,491.0
487.0,491.0
491.0,491.0
489.0,490.0
488.0,489.0
488.0,490.0
491.0,490.0
489.0,491.0
489.0,489.0
488.0,490.0
490.0,490.0
490.0,491.0
489.0,489.0
488.0,488.0
490.0,490.0
489.0,491.0
488.0,490.0
490.0,489.0
490.0,489.0
489.0,490.0
488.0,489.0
490.0,492.0
492.0,491.0
489.0,488.0
485.0,491.0
490.0,490.0
490.0,489.0
488.0,489.0
487.0,489.0
490.0,490.0
490.0,490.0
488.0,488.0
489.0,488.0
490.0,491.0
490.0,490.0
487.0,488.0
490.0,489.0
490.0,491.0
489.0,491.0
488.0,490.0
490.0,490.0
493.0,489.0
489.0,488.0
486.0,489.0
490.0,486.0
492.0,488.0
488.0,489.0
487.0,488.0
489.0,490.0
492.0,489.0
488.0,489.0
489.0,490.0
489.0,489.0
490.0,490.0
489.0,489.0
489.0,488.0
491.0,490.0
490.0,489.0
488.0,489.0
489.0,489.0
490.0,491.0
490.0,491.0
487.0,488.0
491.0,489.0
490.0,490.0
490.0,492.0
489.0,488.0
489.0,492.0
490.0,490.0
490.0,489.0
488.0,488.0
489.0,490.0
492.0,492.0
489.0,487.0
488.0,489.0
491.0,491.0
491.0,490.0
489.0,490.0
489.0,489.0
491.0,491.0
492.0,491.0
487.0,489.0
489.0,490.0
491.0,491.0
491.0,491.0
489.0,491.0
490.0,488.0
491.0,491.0
490.0,490.0
489.0,489.0
490.0,491.0
492.0,491.0
490.0,490.0
488.0,489.0
490.0,491.0
493.0,491.0
490.0,490.0
487.0,491.0
492.0,490.0
492.0,488.0
489.0,489.0
491.0,489.0
491.0,491.0
491.0,490.0
489.0,490.0
490.0,491.0
491.0,491.0
491.0,489.0
489.0,491.0
490.0,490.0
491.0,488.0
490.0,490.0
490.0,490.0
491.0,490.0
491.0,491.0
489.0,491.0
489.0,490.0
489.0,491.0
492.0,490.0
490.0,489.0
488.0,491.0
493.0,490.0
491.0,489.0
490.0,490.0
489.0,491.0
492.0,491.0
491.0,492.0
488.0,491.0
490.0,491.0
491.0,491.0
490.0,490.0
489.0,489.0
489.0,492.0
491.0,492.0
491.0,493.0
489.0,489.0
490.0,489.0
490.0,492.0
490.0,490.0
488.0,490.0
490.0,491.0
493.0,491.0
490.0,490.0
487.0,490.0
490.0,490.0
491.0,491.0
489.0,491.0
489.0,492.0
491.0,491.0
491.0,491.0
489.0,491.0
489.0,490.0
490.0,493.0
491.0,491.0
489.0,489.0
489.0,491.0
491.0,493.0
489.0,490.0
488.0,490.0
490.0,489.0
491.0,492.0
490.0,490.0
490.0,490.0
490.0,490.0
491.0,492.0
490.0,491.0
489.0,491.0
489.0,492.0
492.0,492.0
489.0,491.0
488.0,492.0
491.0,491.0
491.0,492.0
489.0,491.0
489.0,491.0
490.0,490.0
491.0,489.0
489.0,489.0
490.0,490.0
490.0,489.0
490.0,492.0
488.0,489.0
490.0,491.0
490.0,492.0
490.0,492.0
489.0,491.0
491.0,490.0
490.0,493.0
490.0,492.0
489.0,491.0
490.0,491.0
492.0,493.0
490.0,492.0
487.0,493.0
490.0,490.0
491.0,492.0
489.0,491.0
488.0,491.0
491.0,491.0
489.0,493.0
489.0,492.0
489.0,490.0
491.0,492.0
490.0,492.0
489.0,492.0
490.0,491.0
491.0,492.0
490.0,492.0
489.0,491.0
490.0,492.0
490.0,493.0
490.0,492.0
489.0,492.0
489.0,492.0
492.0,493.0
490.0,491.0
486.0,492.0
490.0,494.0
492.0,491.0
488.0,491.0
489.0,493.0
491.0,491.0
491.0,492.0
488.0,491.0
489.0,492.0
491.0,492.0
490.0,492.0
487.0,492.0
490.0,492.0
491.0,493.0
490.0,493.0
488.0,491.0
489.0,491.0
490.0,493.0
490.0,493.0
489.0,492.0
490.0,491.0
491.0,493.0
489.0,492.0
487.0,494.0
490.0,491.0
491.0,492.0
488.0,491.0
487.0,490.0
492.0,492.0
490.0,494.0
488.0,492.0
489.0,491.0
491.0,495.0
490.0,491.0
488.0,490.0
489.0,493.0
490.0,492.0
490.0,493.0
489.0,492.0
490.0,491.0
490.0,492.0
490.0,493.0
487.0,490.0
489.0,493.0
491.0,495.0
490.0,492.0
488.0,492.0
490.0,492.0
491.0,494.0
488.0,492.0
486.0,492.0
491.0,493.0
491.0,493.0
488.0,492.0
489.0,493.0
491.0,492.0
490.0,496.0
488.0,492.0
489.0,490.0
491.0,493.0
490.0,493.0
489.0,493.0
488.0,492.0
490.0,493.0
490.0,494.0
488.0,492.0
489.0,492.0
490.0,494.0
490.0,493.0
488.0,494.0
489.0,493.0
491.0,492.0
489.0,493.0
486.0,494.0
491.0,493.0
491.0,492.0
487.0,493.0
489.0,494.0
489.0,492.0
489.0,494.0
488.0,492.0
489.0,493.0
490.0,495.0
490.0,494.0
488.0,493.0
489.0,493.0
490.0,492.0
490.0,492.0
489.0,490.0
489.0,493.0
490.0,491.0
490.0,493.0
488.0,492.0
489.0,493.0
492.0,494.0
488.0,492.0
487.0,495.0
490.0,493.0
491.0,493.0
488.0,493.0
488.0,494.0
491.0,493.0
490.0,494.0
489.0,492.0
487.0,495.0
491.0,493.0
491.0,495.0
489.0,492.0
489.0,494.0
491.0,494.0
489.0,494.0
488.0,494.0
490.0,492.0
490.0,493.0
489.0,495.0
489.0,493.0
489.0,493.0
490.0,494.0
490.0,492.0
487.0,494.0
489.0,494.0
491.0,494.0
487.0,492.0
487.0,493.0
491.0,494.0
490.0,495.0
489.0,494.0
492.0,491.0
491.0,493.0
490.0,493.0
488.0,493.0
489.0,494.0
491.0,493.0
489.0,494.0
489.0,493.0
490.0,494.0
490.0,495.0
490.0,495.0
488.0,493.0
489.0,493.0
490.0,496.0
489.0,494.0
488.0,493.0
491.0,494.0
490.0,493.0
489.0,493.0
488.0,493.0
492.0,496.0
491.0,492.0
489.0,493.0
488.0,495.0
490.0,493.0
489.0,494.0
489.0,492.0
488.0,494.0
491.0,493.0
490.0,495.0
487.0,494.0
489.0,493.0
491.0,494.0
490.0,495.0
489.0,494.0
490.0,493.0
491.0,494.0
489.0,494.0
488.0,495.0
490.0,495.0
491.0,494.0
489.0,495.0
487.0,493.0
491.0,495.0
491.0,496.0
488.0,492.0
488.0,493.0
492.0,493.0
491.0,495.0
488.0,494.0
490.0,493.0
491.0,494.0
491.0,495.0
488.0,492.0
489.0,493.0
490.0,495.0
490.0,495.0
489.0,492.0
489.0,494.0
490.0,495.0
490.0,494.0
489.0,493.0
490.0,494.0
491.0,493.0
489.0,493.0
488.0,494.0
491.0,494.0
492.0,493.0
489.0,493.0
488.0,493.0
491.0,494.0
490.0,495.0
488.0,494.0
489.0,492.0
491.0,495.0
490.0,494.0
489.0,495.0
489.0,492.0
491.0,494.0
490.0,495.0
489.0,492.0
490.0,492.0
489.0,494.0
490.0,493.0
489.0,493.0
491.0,492.0
491.0,493.0
490.0,492.0
488.0,490.0
491.0,492.0
493.0,491.0
489.0,492.0
488.0,494.0
491.0,494.0
491.0,495.0
490.0,493.0
489.0,491.0
491.0,494.0
490.0,495.0
489.0,493.0
490.0,493.0
492.0,494.0
490.0,493.0
490.0,492.0
490.0,494.0
491.0,493.0
491.0,494.0
490.0,494.0
490.0,493.0
491.0,494.0
491.0,493.0
492.0,494.0
490.0,492.0
492.0,493.0
489.0,493.0
488.0,494.0
491.0,495.0
491.0,494.0
490.0,495.0
489.0,493.0
492.0,494.0
492.0,495.0
490.0,490.0
490.0,493.0
492.0,495.0
491.0,495.0
490.0,492.0
490.0,492.0
493.0,494.0
490.0,493.0
490.0,494.0
491.0,493.0
492.0,491.0
491.0,493.0
490.0,493.0
490.0,494.0
493.0,493.0
492.0,493.0
490.0,492.0
491.0,493.0
493.0,492.0
490.0,493.0
489.0,493.0
492.0,493.0
491.0,493.0
490.0,493.0
490.0,492.0
492.0,494.0
491.0,493.0
490.0,493.0
491.0,492.0
492.0,493.0
491.0,492.0
489.0,490.0
491.0,493.0
491.0,493.0
490.0,493.0
489.0,492.0
490.0,493.0
495.0,493.0
490.0,492.0
489.0,492.0
490.0,492.0
493.0,491.0
490.0,492.0
489.0,492.0
492.0,492.0
491.0,490.0
490.0,492.0
490.0,492.0
492.0,492.0
493.0,493.0
490.0,492.0
490.0,491.0
492.0,492.0
492.0,492.0
489.0,491.0
491.0,492.0
492.0,491.0
491.0,491.0
490.0,490.0
492.0,492.0
493.0,493.0
491.0,492.0
489.0,489.0
492.0,490.0
494.0,492.0
490.0,491.0
489.0,492.0
493.0,491.0
493.0,492.0
490.0,490.0
490.0,491.0
493.0,491.0
492.0,493.0
489.0,491.0
491.0,490.0
494.0,492.0
493.0,492.0
489.0,490.0
491.0,489.0
491.0,492.0
490.0,492.0
490.0,490.0
492.0,491.0
492.0,491.0
491.0,491.0
490.0,490.0
491.0,491.0
494.0,490.0
492.0,491.0
488.0,491.0
493.0,492.0
493.0,490.0
490.0,490.0
490.0,491.0
491.0,492.0
492.0,491.0
490.0,486.0
490.0,485.0
493.0,488.0
493.0,491.0
490.0,486.0
490.0,487.0
493.0,490.0
491.0,490.0
490.0,489.0
491.0,490.0
492.0,490.0
490.0,490.0
490.0,490.0
492.0,490.0
494.0,491.0
492.0,490.0
489.0,490.0
491.0,490.0
493.0,490.0
490.0,490.0
490.0,491.0
493.0,490.0
492.0,490.0
490.0,489.0
490.0,489.0
493.0,491.0
492.0,491.0
491.0,489.0
490.0,489.0
492.0,491.0
491.0,491.0
490.0,489.0
491.0,489.0
493.0,491.0
492.0,490.0
490.0,489.0
492.0,490.0
492.0,490.0
491.0,491.0
490.0,490.0
492.0,488.0
493.0,489.0
490.0,488.0
489.0,489.0
492.0,490.0
492.0,489.0
490.0,489.0
490.0,488.0
492.0,489.0
491.0,489.0
490.0,488.0
490.0,488.0
492.0,490.0
491.0,489.0
490.0,487.0
489.0,487.0
492.0,489.0
491.0,488.0
490.0,487.0
492.0,487.0
491.0,488.0
490.0,488.0
489.0,487.0
492.0,488.0
494.0,487.0
490.0,487.0
488.0,489.0
491.0,488.0
494.0,486.0
490.0,486.0
490.0,486.0
492.0,488.0
492.0,488.0
490.0,486.0
490.0,486.0
492.0,488.0
490.0,488.0
490.0,485.0
490.0,486.0
492.0,492.0
491.0,488.0
490.0,484.0
490.0,484.0
491.0,486.0
491.0,486.0
490.0,485.0
492.0,486.0
493.0,487.0
490.0,486.0
489.0,486.0
492.0,487.0
493.0,486.0
490.0,486.0
490.0,486.0
493.0,488.0
492.0,489.0
490.0,485.0
490.0,486.0
492.0,487.0
492.0,483.0
490.0,483.0
490.0,486.0
492.0,487.0
491.0,486.0
490.0,486.0
491.0,487.0
492.0,488.0
490.0,487.0
490.0,487.0
491.0,489.0
492.0,488.0
490.0,487.0
489.0,488.0
490.0,489.0
493.0,486.0
490.0,488.0
489.0,489.0
492.0,487.0
492.0,485.0
490.0,486.0
490.0,486.0
492.0,487.0
491.0,487.0
490.0,488.0
490.0,490.0
492.0,488.0
491.0,486.0
490.0,487.0
490.0,488.0
492.0,489.0
490.0,487.0
490.0,487.0
490.0,489.0
491.0,488.0
490.0,487.0
489.0,487.0
490.0,487.0
492.0,484.0
489.0,485.0
488.0,487.0
491.0,488.0
492.0,487.0
489.0,488.0
489.0,488.0
491.0,490.0
492.0,489.0
490.0,488.0
492.0,488.0
494.0,490.0
496.0,489.0
487.0,488.0
488.0,490.0
491.0,490.0
490.0,489.0
490.0,488.0
491.0,489.0
492.0,490.0
491.0,489.0
489.0,489.0
490.0,491.0
492.0,489.0
489.0,488.0
488.0,490.0
491.0,491.0
492.0,489.0
490.0,489.0
490.0,489.0
493.0,490.0
494.0,490.0
489.0,489.0
490.0,490.0
493.0,491.0
491.0,490.0
490.0,489.0
490.0,490.0
493.0,491.0
493.0,491.0
490.0,489.0
490.0,490.0
493.0,491.0
491.0,490.0
490.0,490.0
491.0,491.0
493.0,490.0
492.0,490.0
490.0,490.0
493.0,490.0
495.0,489.0
491.0,489.0
490.0,491.0
492.0,491.0
492.0,491.0
489.0,490.0
490.0,490.0
493.0,491.0
492.0,491.0
490.0,489.0
491.0,491.0
493.0,492.0
491.0,491.0
491.0,490.0
493.0,491.0
494.0,491.0
492.0,490.0
490.0,490.0
492.0,492.0
494.0,492.0
491.0,491.0
490.0,491.0
492.0,492.0
495.0,491.0
491.0,489.0
490.0,492.0
493.0,492.0
493.0,491.0
491.0,491.0
490.0,491.0
493.0,492.0
495.0,490.0
491.0,490.0
491.0,491.0
494.0,492.0
493.0,491.0
491.0,490.0
492.0,490.0
493.0,492.0
492.0,491.0
491.0,491.0
492.0,491.0
493.0,492.0
492.0,490.0
490.0,491.0
493.0,492.0
494.0,491.0
492.0,490.0
490.0,492.0
493.0,492.0
494.0,491.0
491.0,491.0
491.0,491.0
494.0,492.0
493.0,491.0
492.0,491.0
491.0,491.0
494.0,492.0
493.0,492.0
491.0,491.0
492.0,492.0
494.0,493.0
492.0,491.0
491.0,492.0
492.0,493.0
493.0,492.0
491.0,491.0
491.0,491.0
492.0,492.0
494.0,491.0
491.0,491.0
490.0,492.0
493.0,493.0
494.0,492.0
490.0,492.0
490.0,493.0
493.0,493.0
493.0,492.0
491.0,489.0
491.0,489.0
494.0,491.0
493.0,490.0
490.0,490.0
492.0,491.0
494.0,492.0
491.0,492.0
491.0,491.0
492.0,492.0
493.0,492.0
492.0,492.0
491.0,492.0
492.0,493.0
494.0,493.0
491.0,491.0
490.0,492.0
492.0,493.0
494.0,492.0
490.0,492.0
490.0,492.0
492.0,492.0
493.0,492.0
490.0,492.0
490.0,492.0
493.0,493.0
492.0,492.0
490.0,492.0
491.0,492.0
493.0,493.0
492.0,492.0
491.0,492.0
491.0,493.0
493.0,493.0
490.0,493.0
490.0,492.0
491.0,493.0
492.0,493.0
491.0,492.0
490.0,493.0
492.0,493.0
493.0,492.0
494.0,492.0
489.0,493.0
492.0,493.0
493.0,492.0
490.0,491.0
490.0,493.0
492.0,493.0
493.0,492.0
490.0,492.0
490.0,493.0
493.0,492.0
491.0,492.0
490.0,493.0
491.0,493.0
492.0,494.0
490.0,492.0
490.0,493.0
491.0,493.0
492.0,493.0
491.0,492.0
490.0,492.0
492.0,493.0
493.0,493.0
491.0,492.0
489.0,494.0
492.0,494.0
493.0,492.0
490.0,493.0
490.0,493.0
492.0,494.0
492.0,493.0
490.0,492.0
490.0,493.0
492.0,494.0
491.0,493.0
490.0,492.0
490.0,494.0
492.0,494.0
491.0,493.0
490.0,492.0
491.0,493.0
492.0,493.0
490.0,492.0
490.0,493.0
491.0,495.0
492.0,493.0
490.0,493.0
489.0,494.0
491.0,494.0
493.0,492.0
490.0,492.0
490.0,494.0
492.0,493.0
492.0,492.0
490.0,493.0
490.0,493.0
492.0,493.0
492.0,493.0
490.0,493.0
490.0,494.0
492.0,494.0
490.0,493.0
490.0,493.0
491.0,493.0
492.0,494.0
490.0,492.0
490.0,492.0
491.0,494.0
492.0,494.0
490.0,493.0
489.0,494.0
491.0,494.0
493.0,493.0
490.0,493.0
488.0,494.0
492.0,494.0
492.0,493.0
490.0,492.0
490.0,493.0
492.0,495.0
492.0,493.0
489.0,493.0
490.0,492.0
492.0,492.0
490.0,491.0
490.0,491.0
490.0,492.0
491.0,493.0
490.0,492.0
489.0,493.0
490.0,494.0
491.0,494.0
490.0,493.0
489.0,494.0
490.0,494.0
492.0,493.0
490.0,493.0
489.0,494.0
491.0,495.0
493.0,493.0
490.0,494.0
490.0,493.0
492.0,494.0
491.0,494.0
490.0,493.0
489.0,494.0
491.0,495.0
491.0,493.0
489.0,494.0
489.0,493.0
492.0,494.0
490.0,494.0
490.0,493.0
490.0,494.0
491.0,494.0
490.0,494.0
490.0,494.0
491.0,494.0
492.0,494.0
490.0,493.0
489.0,495.0
490.0,494.0
492.0,493.0
489.0,494.0
489.0,493.0
492.0,495.0
492.0,494.0
489.0,493.0
489.0,494.0
491.0,495.0
491.0,493.0
489.0,493.0
490.0,494.0
491.0,495.0
490.0,494.0
489.0,493.0
490.0,495.0
492.0,495.0
490.0,494.0
489.0,493.0
490.0,494.0
492.0,494.0
490.0,493.0
488.0,495.0
490.0,494.0
492.0,493.0
489.0,493.0
488.0,494.0
491.0,494.0
490.0,494.0
489.0,493.0
489.0,493.0
491.0,494.0
491.0,493.0
489.0,493.0
489.0,493.0
491.0,494.0
490.0,493.0
490.0,493.0
490.0,494.0
490.0,494.0
490.0,493.0
489.0,493.0
489.0,493.0
490.0,494.0
489.0,493.0
488.0,494.0
490.0,494.0
491.0,493.0
490.0,493.0
487.0,494.0
490.0,494.0
491.0,493.0
489.0,492.0
489.0,493.0
489.0,494.0
490.0,493.0
489.0,492.0
488.0,494.0
490.0,494.0
490.0,493.0
488.0,493.0
489.0,493.0
490.0,493.0
489.0,493.0
488.0,492.0
489.0,494.0
489.0,493.0
489.0,493.0
488.0,493.0
490.0,495.0
491.0,492.0
489.0,492.0
487.0,494.0
489.0,493.0
491.0,492.0
488.0,492.0
488.0,493.0
490.0,494.0
490.0,493.0
488.0,493.0
488.0,495.0
489.0,494.0
490.0,492.0
488.0,491.0
488.0,490.0
489.0,491.0
489.0,490.0
487.0,491.0
489.0,492.0
490.0,493.0
489.0,492.0
488.0,492.0
489.0,494.0
490.0,493.0
490.0,492.0
486.0,494.0
489.0,494.0
491.0,492.0
488.0,492.0
487.0,493.0
489.0,494.0
490.0,493.0
488.0,493.0
488.0,492.0
490.0,494.0
489.0,493.0
487.0,493.0
489.0,493.0
490.0,494.0
489.0,493.0
487.0,493.0
489.0,493.0
490.0,494.0
489.0,493.0
488.0,493.0
489.0,494.0
490.0,494.0
489.0,493.0
486.0,494.0
489.0,494.0
491.0,492.0
488.0,493.0
487.0,494.0
489.0,494.0
490.0,493.0
487.0,492.0
488.0,493.0
489.0,494.0
490.0,492.0
487.0,492.0
487.0,493.0
489.0,493.0
489.0,493.0
487.0,493.0
489.0,493.0
490.0,493.0
489.0,493.0
487.0,493.0
489.0,493.0
489.0,493.0
488.0,493.0
486.0,493.0
489.0,494.0
490.0,493.0
488.0,492.0
486.0,492.0
489.0,493.0
489.0,492.0
487.0,493.0
487.0,492.0
489.0,493.0
489.0,492.0
487.0,492.0
487.0,493.0
489.0,494.0
489.0,493.0
487.0,492.0
488.0,493.0
490.0,493.0
488.0,492.0
487.0,492.0
488.0,493.0
489.0,493.0
488.0,492.0
487.0,492.0
489.0,493.0
489.0,492.0
488.0,492.0
486.0,493.0
489.0,493.0
489.0,493.0
486.0,492.0
486.0,493.0
489.0,493.0
489.0,493.0
486.0,492.0
487.0,492.0
489.0,493.0
489.0,492.0
486.0,492.0
487.0,492.0
489.0,492.0
488.0,492.0
487.0,492.0
488.0,492.0
489.0,493.0
487.0,492.0
486.0,492.0
488.0,492.0
489.0,492.0
487.0,492.0
486.0,493.0
488.0,493.0
489.0,492.0
487.0,491.0
485.0,492.0
489.0,492.0
488.0,492.0
486.0,492.0
487.0,493.0
489.0,494.0
489.0,492.0
486.0,490.0
487.0,490.0
489.0,491.0
488.0,489.0
487.0,490.0
488.0,491.0
489.0,492.0
488.0,491.0
487.0,491.0
488.0,492.0
489.0,492.0
487.0,491.0
486.0,490.0
488.0,492.0
489.0,491.0
487.0,491.0
485.0,493.0
489.0,492.0
489.0,492.0
486.0,491.0
487.0,492.0
489.0,492.0
489.0,492.0
486.0,492.0
486.0,492.0
489.0,493.0
489.0,492.0
486.0,492.0
488.0,492.0
489.0,492.0
488.0,491.0
486.0,492.0
487.0,492.0
488.0,492.0
487.0,491.0
486.0,492.0
488.0,492.0
489.0,491.0
487.0,491.0
485.0,493.0
488.0,493.0
489.0,491.0
486.0,490.0
486.0,492.0
488.0,492.0
489.0,491.0
486.0,490.0
487.0,492.0
489.0,493.0
488.0,491.0
486.0,491.0
487.0,492.0
489.0,492.0
488.0,490.0
486.0,491.0
488.0,491.0
489.0,491.0
487.0,490.0
486.0,490.0
488.0,492.0
490.0,491.0
487.0,491.0
486.0,492.0
488.0,492.0
489.0,490.0
487.0,491.0
486.0,492.0
489.0,491.0
489.0,491.0
486.0,490.0
486.0,491.0
489.0,492.0
489.0,491.0
487.0,490.0
487.0,491.0
489.0,491.0
488.0,490.0
486.0,491.0
488.0,491.0
489.0,491.0
488.0,490.0
486.0,490.0
488.0,491.0
489.0,491.0
487.0,490.0
486.0,491.0
488.0,492.0
489.0,490.0
488.0,491.0
486.0,491.0
489.0,492.0
489.0,490.0
487.0,490.0
486.0,491.0
489.0,491.0
489.0,490.0
486.0,490.0
487.0,491.0
489.0,491.0
488.0,490.0
487.0,490.0
488.0,491.0
489.0,491.0
488.0,490.0
487.0,490.0
488.0,491.0
489.0,491.0
488.0,490.0
486.0,491.0
488.0,491.0
489.0,490.0
487.0,490.0
486.0,492.0
489.0,492.0
489.0,490.0
486.0,488.0
487.0,488.0
489.0,489.0
489.0,489.0
487.0,489.0
487.0,489.0
489.0,490.0
489.0,490.0
487.0,490.0
488.0,491.0
489.0,492.0
489.0,490.0
487.0,490.0
489.0,491.0
489.0,492.0
488.0,490.0
487.0,491.0
489.0,491.0
490.0,490.0
488.0,489.0
486.0,491.0
489.0,491.0
490.0,490.0
487.0,491.0
487.0,491.0
489.0,491.0
489.0,491.0
487.0,490.0
487.0,491.0
489.0,492.0
489.0,490.0
487.0,490.0
488.0,490.0
489.0,492.0
488.0,491.0
487.0,491.0
489.0,491.0
489.0,492.0
488.0,490.0
487.0,491.0
488.0,491.0
489.0,491.0
488.0,490.0
486.0,491.0
489.0,492.0
490.0,490.0
488.0,490.0
487.0,491.0
489.0,491.0
489.0,491.0
487.0,490.0
488.0,491.0
490.0,492.0
489.0,491.0
487.0,490.0
488.0,491.0
489.0,492.0
489.0,490.0
487.0,490.0
489.0,491.0
489.0,491.0
488.0,489.0
487.0,490.0
489.0,491.0
489.0,491.0
488.0,489.0
487.0,492.0
489.0,493.0
490.0,490.0
488.0,490.0
487.0,492.0
489.0,491.0
490.0,491.0
488.0,491.0
487.0,492.0
489.0,492.0
489.0,491.0
487.0,491.0
488.0,492.0
490.0,492.0
489.0,491.0
487.0,491.0
489.0,491.0
489.0,491.0
489.0,490.0
487.0,491.0
489.0,492.0
489.0,492.0
488.0,490.0
487.0,491.0
489.0,492.0
490.0,491.0
488.0,490.0
486.0,492.0
489.0,492.0
491.0,491.0
488.0,491.0
488.0,491.0
489.0,492.0
490.0,492.0
487.0,491.0
